tree
version=v4
num_class=1
num_tree_per_iteration=1
label_index=0
max_feature_idx=186
objective=regression
feature_names=px open_px mktcap fund_panel_raw_flow_4q_cov_mean fund_effective_age_days fund_join_gap_days shares assets liabilities book_to_market_proxy capital_efficiency_score dividend_yield_ttm dividend_policy_score garp_score fundamental_presence_score fundamental_reliability_score sales_growth_yoy asset_growth_yoy fund_history_quarters_available earn_gap_1d rs_sector_6m debt_to_equity dilution_penalty sage_composite_score sage_g_score sage_v_score sage_q_score sage_c_score mom_1m mom_3m mom_6m mom_12m mom_18m mom_24m mom_36m multi_year_winner_score fundamental_turnaround_acceleration_score cashflow_inflection_under_loss_score value_inflection_score uptrend_continuation_score uptrend_breakdown_penalty dist_ma200 golden_cross_fresh_20d death_cross_recent_20d near_52w_high_pct ma200_slope_1m breakout_distance_63d breakout_fresh_20d breakout_volume_z volume_dryup_20d volatility_contraction_score atr14_pct post_breakout_hold_score rsi14 macd_hist bb_pb obv_trend vol_252d dd_1y dollar_vol_20d debt_to_equity_delta_4q shares_yoy quality_trend_score event_reaction_score moat_proxy_score profitability_inflection_score anticipatory_growth_score archetype_emerging_growth_score archetype_compounder_score archetype_cyclical_recovery_score archetype_defensive_value_score archetype_alignment_score future_winner_scout_score long_hold_compounder_score revision_blueprint_score growth_blueprint_score valuation_blueprint_score moat_quality_blueprint_score technical_blueprint_score macro_hedge_score strategy_blueprint_score val_residual_ep val_residual_sp val_residual_fcfy spy_ret_1m spy_ret_3m qqq_rel_spy_1m smh_rel_spy_1m vix_z_63d vix_change_1m dgs10_change_1m dxy_ret_1m dba_ret_1m gld_ret_1m slv_ret_1m cper_ret_1m uso_ret_1m ung_ret_1m m2_yoy_lag1m cpi_yoy core_cpi_yoy cpi_3m_ann ppi_yoy ppi_cpi_gap unrate_level unrate_3m_change sahm_realtime reverse_repo_bil fed_assets_change_1m_bil reverse_repo_change_1m_bil tga_change_1m_bil net_liquidity_change_1m_bil liquidity_impulse_score liquidity_drain_score fear_greed_delta_1w fear_greed_risk_off_score fear_greed_risk_on_score macro_risk_off_score market_regime_score inflation_pressure_score liquidity_regime_score inflation_reacceleration_score upstream_cost_pressure_score labor_softening_score stagflation_score growth_liquidity_reentry_score macro_beta_vix_interaction macro_duration_rate_interaction macro_tech_leadership_interaction macro_semis_cycle_interaction macro_energy_oil_interaction macro_materials_copper_interaction macro_defensive_riskoff_interaction macro_momentum_regime_interaction within_sector_leader_score leader_emergence_score leader_safety_score dynamic_leader_score market_breadth_above_ma200 market_breadth_above_ma150 market_trend_template_ratio market_near_high_ratio market_sector_participation market_leadership_narrowing market_overheat_ratio market_breadth_regime_score bench_ret_1m bench_ret_3m bench_ret_6m bench_ret_12m bench_dd_1y rs_benchmark_3m rs_benchmark_6m rs_benchmark_12m dd_gap_benchmark systemic_crisis_score carry_unwind_stress_score war_oil_rate_shock_score defensive_rotation_score growth_reentry_score live_event_risk_score live_event_systemic_score live_event_war_oil_rate_score live_event_defensive_score live_event_growth_reentry_score actual_report_age_days_latest actual_report_age_days actual_priority_weight proxy_fallback_weight actual_results_score fundamental_pillar_score technical_pillar_score event_revision_pillar_score macro_pillar_score compounder_pillar_score multidimensional_breadth_score multidimensional_confirmation_score rs_industry_1m rs_industry_3m rs_industry_6m rs_industry_12m rs_industry_group_1m rs_industry_group_3m rs_industry_group_6m rs_industry_group_12m oneil_leadership_score ni_loss_narrowing_4q
feature_infos=[5.0053749084472656:3344.139892578125] [4.9603335859419042:3285] [2001342049.0264893:1000000000000] [0.20000000000000001:1] [0:458] [0:458] [2177983:1000000000000] [-1000000000000:1000000000000] [-381088000000:1000000000000] [-80.181279845163189:54.78036635874826] [-4.5:4.5] [0:5.5905746308018474] [0:0.65279275651844282] [-1.1384414587193423:1.5586601665530517] [0.16666666666666666:0.98980000000000001] [0.19666666666666666:0.99439] [-224.27906976744185:255.64876801487679] [-4284.9518072289156:666665.66666666663] [1:166] [-0.29829607754064724:0.30028619360943209] [-0.77166312461815756:6.2720697935529737] [-5475.0625:1538.3778920308482] [-0.050000000000000003:0.29999999999999999] [-2.6051489722030539:3.6906246717038393] [-4.0998556326979134:6] [-6:6] [-7.6023657599727468:4.9385351763013698] [-2.4988004560109891:4.5155871580263494] [-0.49946849129501703:2.2346769117927314] [-0.58044639323841118:5.5742321925126639] [-0.60993714824491785:6.5091574566938419] [-0.61848139860696305:10.043837273342776] [-0.60193882532756615:31.156863346415193] [-0.6162997377302164:1633.4395415538345] [-0.59238840231149936:1927.4277979806739] [-4.5151204787769839:6] [-0.97273031566387802:1.0803532261186204] [-1.0023237067415327:0.78461323609894396] [-1.2122372144612421:1.2595311156094557] [-0.33742688468580695:0.63442870632672332] [0:0.80000000000000004] [-0.52510187358169591:3.2023740463656072] [0:1] [0:1] [-0.63600396913889701:0] [-0.088938554635391021:0.29940857342721428] [-0.59937241050250756:0.27290422327494102] [0:1] [-2.3829911382560893:4.2004107155512758] [-1:0.78344352181197485] [-0.72899068594267535:0.86061218505871229] [0.010306536548999278:6.4942337088884798] [0:1] [11.442879577686426:92.162728741103777] [-34.470580801201891:49.93695592097751] [-0.53015606573932972:1.5226572099773807] [-130.72888628827519:8999.8461538288466] [0.0071493111455829756:0.10005495725098111] [0.040705659407127337:0.64983332951863604] [20006479.539375305:54239768014.956284] [-5445.0218285990959:5483.6170829560315] [-2276.4588167554339:704339773] [-0.96774193548387089:0.96774193548387089] [-2.1886493938470779:2.5927220477506667] [-1.2051390930036801:1.4295790971013764] [-2.2395141108856449:1.9575097917674367] [-2.0607278666855766:2.3436792358858929] [-2.9450269036670234:2.9111157559832921] [-3.3316049459187282:3.98009391751927] [-3.0809371211145731:3.2090070532706769] [-2.8363544693653306:2.6714630645890525] [-2.5464630249423643:2.3997195885052607] [-2.6474463579113436:2.5056018184070332] [-3.7490011740718083:3.9328394454928928] [-0.52656120840246545:0.54392590325636248] [-1.8394527472640243:3.6272477856451513] [-2.4406875137786193:2.1029570114583489] [-4.7686054041172259:4.5982078264053667] [-2.8175465958042372:4.6892683754244633] [-0.81783579717929622:1.2655279045561532] [-2.3406053520325507:2.023671593543479] [-3.2729395559274881:2.3209711949275276] [-3.3181027371918912:10.008259493995336] [-0.99704027818539409:2.2277127070323743] [-0.16119701496052619:0.12698359542130344] [-0.19252020215624877:0.20161764707776486] [-0.044857367835866691:0.074445484560257347] [-0.091811366781278436:0.15299397533973624] [-2.3136601633208813:6] [-6:6] [-0.60000000000000009:0.57000000000000028] [-0.030464989046199098:0.048929755235655792] [-0.088140059439293816:0.11682457901046339] [-0.068971272819781437:0.11289159830645934] [-0.17499047779993038:0.34661117892291271] [-0.15229361875823089:0.14507300611804697] [-0.57560483812820651:0.43777773115370011] [-0.35900964791774004:0.42701343288669058] [-0.04630352696904827:0.26775272051325083] [0.001982013035848551:0.089793611031057985] [0.011836841884912408:0.066242876245093063] [-0.052147668716574835:0.10518564101574146] [-0.051590713671539112:0.17645059288537546] [-0.074006511407697761:0.086656981854317472] [3.3999999999999999:6] [-4.7999999999999989:6] [-0.37:6] [0.001:6] [-6:6] [-6:6] [-6:6] [-6:6] [0:0.7327615798937952] [0.00048787758370820634:0.68015333190433114] [-6:6] [0:1] [0:1] [-1.1044093686347292:4.4656493755173949] [-2.1773588896846516:1.0439770829344299] [-1.7492671838061242:1.4305578272717911] [-1.3394513653472617:1.0037640330771131] [-1.4364270384476781:1.7400264684186104] [-2.0433430043991576:1.3729218527823996] [-3.5581635864921988:6] [-0.76807137138401727:0.90543527291571191] [-0.40195348155118077:0.69970212613438842] [-7.5783044017023684:25.370068909335387] [-2.7071731412875071:2.8882556337373937] [-0.044857367835866691:0.074445484560257347] [-0.091811366781278436:0.15299397533973624] [-0.57560483812820651:0.43777773115370011] [-0.15229361875823089:0.14507300611804697] [-19.61913271891472:9.9534330719665931] [-9.6072573401399612:4.945822676099457] [-1.5652797723376146:1.3541921782621189] [-1.4247741709536501:1.2409324035139486] [-0.60924142049058505:0.29854768411938265] [-0.90622847969074227:0.91102884809278362] [0.27913632759820756:0.90960519776476711] [0.25044998770574362:0.87482817557002068] [0.098163805566935214:0.69159727020376494] [0.74383984086170185:0.99155302547107504] [0.030303030303030231:0.96969696969696961] [0.006073813216660358:0.31647610362808942] [0.058250801613765758:0.51017749269213153] [0.22901657529184333:0.74135449057009406] [-0.16362536121906779:0.12684410293315374] [-0.19765373499436556:0.19952874537160614] [-0.21023730143165331:0.36126290224650881] [-0.19654385160910948:0.5371451564851677] [0.052125326485854995:0.33924959024260593] [-0.63219600377642449:5.4553753156177223] [-0.77343257523673459:6.2799288433557052] [-0.91408965065210479:9.8477471166346717] [-0.59394871175218367:0.20277110271279464] [0:0.62775353144882184] [0:0.69107138902352205] [0.0015916462088505056:0.816188447979044] [0.011110003493517288:0.6196741875787769] [0:0.73548147224633087] [0:0.66666666666666663] [0:0.6180790104665207] [0:0.56834004807576111] [0:0.4770545715364507] [0:0.69638435883644656] [0:458] [0:458] [0:1] [0.25:1] [-3.3818135983667874:3.6046364462792186] [-4.9939165810520425:4.9841498429862057] [-3.4742121139101712:4.7658148728334151] [-2.6358709291946667:3.2278682788360258] [-1.375051964384244:1.3182632593752701] [-3.786383086836441:3.540200443441146] [0.16666666666666666:1] [0.059523809523809521:0.75] [-0.50960235177728563:2.0638793030729148] [-0.71107486121292984:5.047322139191694] [-0.85416528543084203:5.9866609509975444] [-2.4612072489686834:6.4239325870235211] [-0.51232911203207665:2.0956940261516857] [-0.58495402041650013:5.1299776756910553] [-0.73765675981895518:6.0748850431665016] [-1.542915653970804:8.679346845434134] [-1.3200000000000003:1.6800000000000002] [-1:0.94677973484715416]
tree_sizes=2928 3010 3004 3006 3002 3017 3029 3018

Tree=0
num_leaves=31
num_cat=0
split_feature=150 155 99 89 103 57 90 95 99 57 99 158 105 97 136 86 120 97 94 34 103 57 86 34 57 11 57 15 136 11
split_gain=62.5659 48.6783 35.663 14.5657 12.8632 11.4871 10.6109 7.42704 7.38343 5.73528 5.56194 6.64086 4.42073 3.90315 3.6112 2.98078 2.93901 2.82779 2.63023 2.40328 2.3079 2.28532 2.28148 2.26035 2.196 1.59073 1.56426 1.27352 1.11957 0.99256
threshold=0.19144657838117327 0.31349179504188029 0.023252386173061915 -1.3399999999999996 -0.055981611893335718 0.029968951658215271 0.18999999999999975 -0.037559522444664088 0.060964315642175755 0.028704286339555327 0.085003739616860821 0.1475665318843222 -3.9499999999999997 0.058814622808282764 -0.05034118742846342 0.029565360904781238 -0.34548079052714653 0.043823500513226483 -0.037794251795106586 1.2848053643992408 -0.017000440635402288 0.031839496244236744 0.0096250371628127124 0.83842623607725886 0.016052732882451109 0.0044195224036621258 0.036103345912677144 0.88662583333333356 -0.29307511198791097 0.015693082944407605
decision_type=2 2 2 2 2 2 2 2 2 2 2 2 2 2 2 2 2 2 2 2 2 2 2 2 2 2 2 2 2 2
left_child=2 4 15 6 22 10 18 9 16 29 11 -6 26 -9 28 -1 -5 -18 -4 -20 -14 23 -2 -10 -8 -17 -7 -11 -15 -3
right_child=1 7 3 8 5 12 24 13 21 27 -12 -13 20 14 -16 25 17 -19 19 -21 -22 -23 -24 -25 -26 -27 -28 -29 -30 -31
leaf_value=0.016781128934631847 0.030179208925468302 0.044223859734348038 0.031292470305797175 0.03460811572813928 0.032392844885559137 0.039450743838577267 0.025892385980428728 0.036924191631690799 0.031092859132346495 0.047693794087636354 0.029134668970414695 0.034933129032374222 0.037614802491755923 0.047191528420854272 0.038357559596229968 0.026953562610461324 0.030364771428431466 0.033526496294994483 0.029445939902178968 0.024614601170032308 0.034025033305865565 0.021859534418420045 0.025775427235309917 0.027218046068783995 0.020713444507867711 0.020455030653130743 0.046182935999946273 0.057147012340050152 0.042139923935470364 0.040149852790063056
leaf_weight=400 887 270 1288 2023 5744 205 389 1693 1152 63 773 4660 1129 139 921 150 1275 1588 916 358 742 95 440 559 432 253 149 82 520 335
leaf_count=400 887 270 1288 2023 5744 205 389 1693 1152 63 773 4660 1129 139 921 150 1275 1588 916 358 742 95 440 559 432 253 149 82 520 335
internal_value=0.0329962 0.0347462 0.0299796 0.0307878 0.0334148 0.0338797 0.028114 0.0396206 0.0321396 0.0441085 0.0332266 0.0335306 0.0371606 0.0385922 0.0403796 0.0198389 0.0331493 0.0321185 0.0296991 0.0280883 0.0361912 0.0294078 0.028719 0.0298269 0.0231673 0.0228738 0.0422844 0.0530398 0.0432054 0.041968
internal_weight=29630 18752 10878 10075 14729 13402 3383 4023 6692 750 11177 10404 2225 3273 1580 803 4886 2863 2562 1274 1871 1806 1327 1711 821 403 354 145 659 605
internal_count=29630 18752 10878 10075 14729 13402 3383 4023 6692 750 11177 10404 2225 3273 1580 803 4886 2863 2562 1274 1871 1806 1327 1711 821 403 354 145 659 605
is_linear=0
shrinkage=1


Tree=1
num_leaves=31
num_cat=0
split_feature=150 155 99 118 103 125 120 99 85 119 144 57 57 97 57 85 85 33 91 117 53 57 57 85 34 57 93 76 57 3
split_gain=56.4658 43.9322 32.1859 14.5205 11.609 10.4383 8.94094 6.85632 6.7029 6.2578 6.25593 5.1762 4.53833 3.52259 3.22137 2.80899 2.69016 2.63414 2.24753 2.24591 2.42233 2.22614 2.0625 2.05904 2.03997 1.99741 1.78518 1.73247 1.43683 1.37295
threshold=0.19144657838117327 0.31349179504188029 0.023252386173061915 0.28754966706628993 -0.055981611893335718 -0.037179300963867921 -0.35756737662494981 0.060964315642175755 -0.12181702637902934 0.40317104763758305 0.23623154347051098 0.028364998722255886 0.032345364277518864 0.058814622808282764 0.034141310723906908 0.12633835516101935 0.10255867553749622 0.8773813911788797 0.0052104101657303179 0.14608959615977796 25.818237344512671 0.038458586139072277 0.031839496244236744 0.10386298166266918 0.83842623607725886 0.016820740800023961 -0.019083899863886918 -0.19206472467201727 0.020723762022156519 0.4250000000000001
decision_type=2 2 2 2 2 2 2 2 2 2 2 2 2 2 2 2 2 2 2 2 2 2 2 2 2 2 2 2 2 2
left_child=2 4 16 7 23 12 25 19 11 10 -7 -3 28 -10 -15 17 29 -8 -16 -4 -21 -11 24 -2 -9 -5 -14 -13 -6 -1
right_child=1 8 3 6 5 9 15 22 13 21 -12 27 26 14 18 -17 -18 -19 -20 20 -22 -23 -24 -25 -26 -27 -28 -29 -30 -31
leaf_value=-0.017345984332263472 -0.0026514954971480929 0.0084699139412372001 -0.001257226029977407 -0.006983963437128946 0.0011652834733218644 -0.0024257110701407744 -0.0030995061807026162 -0.0017835277870844775 0.0037562379222946343 0.0023706252130612851 0.00047928749651453121 0.025482424747956506 0.011377182398221376 0.0058455645930309387 0.014976822295861822 0.00042224766796077404 -0.015379671595874243 -0.0073948785346630384 0.0068683540169448137 -0.0042647487684678584 0.0013371651766366627 0.0096118914447319917 -0.010555186385509412 -0.0068350883406872696 -0.0054646003043330284 -0.011924503946638347 0.0053226753020461899 0.014573648557753156 0.0032479101247990128 -0.0084932418323696458
leaf_weight=50 887 596 1704 434 1569 2950 1605 1152 1693 1377 4985 59 162 1235 189 422 400 459 156 206 3052 115 95 440 559 387 490 95 1754 353
leaf_count=50 887 596 1704 434 1569 2950 1605 1152 1693 1377 4985 59 162 1235 189 422 400 459 156 206 3052 115 95 440 559 387 490 95 1754 353
internal_value=2.46744e-05 0.00168712 -0.00284113 -0.0020733 0.000422309 0.000864013 -0.00478881 -0.000746439 0.00631785 -4.21005e-05 -0.000600706 0.0105814 0.00301293 0.00534087 0.00703883 -0.00329476 -0.0124748 -0.00405473 0.0113104 0.000213659 0.000982962 0.00292877 -0.00338432 -0.00403867 -0.00298617 -0.00931282 0.00682702 0.018753 0.00226457 -0.0095916
internal_weight=29630 18752 10878 10075 14729 13402 3307 6768 4023 9427 7935 750 3975 3273 1580 2486 803 2064 345 4962 3258 1492 1806 1327 1711 821 652 154 3323 403
internal_count=29630 18752 10878 10075 14729 13402 3307 6768 4023 9427 7935 750 3975 3273 1580 2486 803 2064 345 4962 3258 1492 1806 1327 1711 821 652 154 3323 403
is_linear=0
shrinkage=0.05


Tree=2
num_leaves=31
num_cat=0
split_feature=150 155 91 164 87 57 103 93 126 158 141 100 108 158 33 34 57 76 132 95 0 148 34 112 180 1 34 136 134 33
split_gain=50.9603 39.6488 23.5685 12.9601 12.0772 10.6463 8.1296 6.06493 8.81881 5.49006 7.24465 5.27597 4.91695 4.70987 3.86658 2.47816 1.95438 1.877 1.7045 1.61569 1.51829 1.44081 1.40759 1.40401 1.35751 1.35021 1.25491 1.19847 1.10639 1.02521
threshold=0.19144657838117327 0.31349179504188029 -0.015136611374643614 0.41761921176373179 -0.0032658461099943077 0.031839496244236744 -0.061018412865908804 -0.01410905394482914 0.90160349286957897 0.30703242245236168 0.90929530804181879 0.049130842355604727 4.0285000000003501 0.070374822725750893 1.30173883702509 0.3986305917970035 0.033823141643439907 -0.13448937429699759 -0.48476995043908599 0.047252979212731201 154.46651458740237 0.10504262820016209 2.1588179227904751 0.32311777807241399 -0.2627199007118593 94.451134953811888 0.45466179050078653 -0.077530543537393859 0.83491249378821952 0.23170648841144906
decision_type=2 2 2 2 2 2 2 2 2 2 2 2 2 2 2 2 2 2 2 2 2 2 2 2 2 2 2 2 2 2
left_child=2 5 -1 11 18 6 -2 22 16 10 -8 13 21 -4 26 -15 19 25 -5 -9 -16 28 -3 -14 -13 -10 -6 -20 -7 -26
right_child=1 7 3 4 14 12 9 8 17 -11 -12 24 23 15 20 -17 -18 -19 27 -21 -22 -23 -24 -25 29 -27 -28 -29 -30 -31
leaf_value=-0.014610688179440333 -0.0048084106011246552 0.0040224893185973661 -0.0033238513757492365 -0.00033229350165294656 0.0011966675249636431 0.0014541567813962453 -0.0024039717877181333 0.0075033024062523823 0.026323850565989106 0.0028428886569355637 0.00059302529434486332 -0.0079162307451091079 0.010501137463303891 -0.0012177070887971488 -0.004557608959681176 0.0011704176963217888 0.013254153772284933 0.01265514072282601 -0.011370066684315006 0.0046420349282900791 -0.013897896228634098 -0.0044944843328802988 -0.0024422780359477812 0.0055896383315119586 -0.0010778707821741211 0.015189851320541972 -0.0022553094889008209 -0.0080771274882545634 0.0082212340878675492 -0.0036338809325698364
leaf_weight=400 856 1561 1148 55 438 712 2744 1023 56 1728 7605 150 181 1760 94 2838 101 187 448 953 81 95 89 742 524 53 660 721 66 1561
leaf_count=400 856 1561 1148 55 438 712 2744 1023 56 1728 7605 150 181 1760 94 2838 101 187 448 953 81 95 89 742 524 53 660 721 66 1561
internal_value=2.34406e-05 0.00160276 -0.00269907 -0.00224434 -0.00538814 0.000401193 -9.97471e-05 0.00600195 0.00762078 0.000233996 -0.000201618 -0.00126075 0.00400846 -0.00045898 -0.0019784 0.000256303 0.0064701 0.015695 -0.00893437 0.00612335 -0.00888083 0.00131843 0.00367378 0.00655278 -0.00332203 0.0209101 -0.000878291 -0.00933909 0.00202823 -0.00299151
internal_weight=29630 18752 10878 10478 2497 14729 12933 4023 2373 12077 10349 7981 1796 5746 1273 4598 2077 296 1224 1976 175 873 1650 923 2235 109 1098 1169 778 2085
internal_count=29630 18752 10878 10478 2497 14729 12933 4023 2373 12077 10349 7981 1796 5746 1273 4598 2077 296 1224 1976 175 873 1650 923 2235 109 1098 1169 778 2085
is_linear=0
shrinkage=0.05


Tree=3
num_leaves=31
num_cat=0
split_feature=155 98 149 157 101 125 92 85 98 57 126 159 91 57 85 155 162 91 126 11 85 70 76 132 8 70 105 31 133 29
split_gain=43.8408 20.2727 23.9749 18.2475 16.9738 9.86874 8.96966 7.20585 5.79431 5.75194 5.40958 5.07723 4.7137 3.9477 3.23793 2.93333 2.72031 2.40114 2.47397 2.25375 2.05018 1.58355 1.57575 1.42085 1.29327 1.20807 1.18793 1.18344 1.15264 1.09457
threshold=0.30489197014083486 0.13003832893374859 0.1251342386616843 0.29967891377756839 0.089147749390701372 -0.046067612100752726 -0.018760137114411709 -0.062066654579115303 0.056789554347042366 0.039815128219485317 0.90160349286957897 0.42669910235282632 -0.0045388110707070264 0.023623794337148171 0.10255867553749622 0.12952345691643596 0.20236163849054337 0.0069989855369898555 0.7974892320399799 0.0073177479583211059 -0.031627819995447219 -1.0570488018320887 -0.19206472467201727 -0.034924157589721908 3320775500.0000005 -0.83737129958171874 -3.9499999999999997 0.16259030204001504 0.22766544304674119 -0.16079115960407112
decision_type=2 2 2 2 2 2 2 2 2 2 2 2 2 2 2 2 2 2 2 2 2 2 2 2 2 2 2 2 2 2
left_child=1 2 8 6 7 29 23 10 11 15 19 13 -8 -1 -7 -3 -13 18 -9 -2 25 24 -12 -4 -10 -6 -11 -23 -28 -5
right_child=4 9 3 5 20 14 12 17 21 26 22 16 -14 -15 -16 -17 -18 -19 -20 -21 -22 27 -24 -25 -26 -27 28 -29 -30 -31
leaf_value=0.00085100313603648592 0.0098225215741725141 0.00025059147239650569 -0.0011240548159988535 -0.0090604705037298245 -0.0073467796010061584 -0.0083940983317366095 0.0021855768612745303 0.0043376383798206207 0.00833420781478896 0.013365754805982295 0.022262681648135187 -0.0023498667250492419 -0.001876973389078085 0.0043006994288153398 -0.013880154039463377 0.002870401171044069 0.00052600681821013103 0.0027792373238870573 0.009725128159600421 0.0055662639531608073 0.0016706175014044589 -0.0037155282451087008 0.01228438335685776 -0.0077767235831946464 -0.0025809275771619057 -0.0018797655552403665 0.0033469291346094818 -0.00045601998318700219 0.0097986775312593269 -0.004038355687737233
leaf_weight=3760 461 2257 91 116 116 821 853 902 58 82 70 1672 4382 1064 400 2029 1618 2047 279 956 413 1266 91 680 51 784 141 357 136 1677
leaf_count=3760 461 2257 91 116 116 821 853 902 58 82 70 1672 4382 1064 400 2029 1618 2047 279 956 413 1266 91 680 51 784 141 357 136 1677
internal_value=2.22686e-05 -0.00095891 -0.00168743 -0.00354967 0.00379225 -0.00672427 -0.00195655 0.0051687 1.85778e-05 0.00200003 0.00793777 0.000578977 -0.00121501 0.00161188 -0.0101913 0.00149081 -0.000935531 0.00381504 0.00561038 0.00695097 -0.001246 -0.00260676 0.0166228 -0.00699152 0.00322713 -0.0025844 0.00807947 -0.00299856 0.00651457 -0.00436327
internal_weight=29630 23511 18866 9020 6119 3014 6006 4806 9846 4645 1578 8114 5235 4824 1221 4286 3290 3228 1181 1417 1313 1732 161 771 109 900 359 1623 277 1793
internal_count=29630 23511 18866 9020 6119 3014 6006 4806 9846 4645 1578 8114 5235 4824 1221 4286 3290 3228 1181 1417 1313 1732 161 771 109 900 359 1623 277 1793
is_linear=0
shrinkage=0.05


Tree=4
num_leaves=31
num_cat=0
split_feature=150 155 99 118 57 90 103 99 85 158 99 57 105 97 136 85 33 78 3 97 103 96 57 34 84 136 11 57 26 20
split_gain=41.5929 32.3257 23.9253 10.9288 8.98212 6.44878 6.26304 5.16238 5.07881 4.38077 5.44396 3.97132 3.59763 2.58969 2.75336 2.10865 2.29044 2.10212 2.05176 1.98742 1.98166 1.96286 1.73906 1.75913 1.73225 1.73023 1.46707 1.14917 1.05816 1.01967
threshold=0.19144657838117327 0.31349179504188029 0.023252386173061915 0.28754966706628993 0.029968951658215271 0.18999999999999975 -0.061018412865908804 0.060964315642175755 -0.12181702637902934 0.30703242245236168 0.06281110454129081 0.026077105850298054 -3.9499999999999997 0.058814622808282764 -0.05034118742846342 0.12633835516101935 0.8773813911788797 2.2433843477492337 0.47500000000000003 -0.0088511612647674247 -0.055981611893335718 0.027676361100020922 0.031839496244236744 0.73188976220174484 0.02887033872806655 -0.14692926092709388 0.0070136227994912299 0.036103345912677144 -0.0056733993999691637 0.38739088129784
decision_type=2 2 2 2 2 2 2 2 2 2 2 2 2 2 2 2 2 2 2 2 2 2 2 2 2 2 2 2 2 2
left_child=2 4 18 7 6 15 -2 17 11 10 -8 -3 27 -10 29 16 -5 19 -1 -4 -14 -22 23 -9 -20 -7 28 -6 -13 -15
right_child=1 8 3 5 12 25 9 22 13 -11 -12 26 20 14 -16 -17 -18 -19 24 -21 21 -23 -24 -25 -26 -27 -28 -29 -30 -31
leaf_value=-0.016864283675025415 -0.0043368491911682907 0.0067797372436680398 -0.0020659767855225396 -0.002631145290247233 0.005442143207978139 -0.01146339650083739 0.00037739054346478204 -0.0012671949660739042 0.0032110568418333798 0.0025168253462295085 -0.0024033345297279005 0.013831793401940642 -0.0056912998678417849 0.0079055347601779211 0.0042600370809626415 0.00035706008094894923 -0.0066364935729125094 0.0075739142849679895 -0.007202667263792018 0.00054328190642136326 0.00097434044484089619 0.0042205714370183358 -0.0094989005922290846 -0.0045544283495531062 -0.012227837446811773 -0.0064643188449594784 0.010631021189956217 0.01121237572265364 0.023553336699280822 0.015076342432358718
leaf_weight=117 840 529 894 1605 205 248 7651 1044 1693 1654 2286 55 73 605 921 422 459 95 345 3973 873 998 95 667 341 573 109 149 57 54
leaf_count=117 840 529 894 1605 205 248 7651 1044 1693 1654 2286 55 73 605 921 422 459 95 345 3973 873 998 95 667 341 573 109 149 57 54
internal_value=2.11552e-05 0.00144796 -0.00243844 -0.00177644 0.000363013 -0.00413228 -0.000167865 -0.000625318 0.00542017 0.000134261 -0.000262313 0.0091314 0.00323479 0.00456975 0.00602561 -0.00286342 -0.00352187 0.000207779 -0.0107444 6.39975e-05 0.00239057 0.00270589 -0.00291426 -0.00254866 -0.0097006 -0.00797439 0.0147605 0.00787086 0.0187794 0.00849313
internal_weight=29630 18752 10878 10075 14729 3307 12431 6768 4023 11591 9937 750 2298 3273 1580 2486 2064 4962 803 4867 1944 1871 1806 1711 686 821 221 354 112 659
internal_count=29630 18752 10878 10075 14729 3307 12431 6768 4023 11591 9937 750 2298 3273 1580 2486 2064 4962 803 4867 1944 1871 1806 1711 686 821 221 354 112 659
is_linear=0
shrinkage=0.05


Tree=5
num_leaves=31
num_cat=0
split_feature=150 155 99 117 57 90 161 99 93 126 104 162 108 87 11 33 97 33 57 97 34 103 158 76 57 34 88 126 34 35
split_gain=37.6946 29.1628 20.7035 9.03932 8.33793 6.21508 5.61308 5.48701 5.12326 6.39004 4.26809 3.89692 3.68775 2.81539 2.26123 2.02286 2.01047 2.05005 1.9046 1.84649 1.79851 1.63827 1.56506 1.53956 1.53775 1.49145 1.47907 1.38213 1.3413 1.2244
threshold=0.19144657838117327 0.31349179504188029 0.023252386173061915 0.014584873227312898 0.029968951658215271 0.18999999999999975 0.14172486747954591 0.060964315642175755 -0.01410905394482914 0.90160349286957897 3.6500000000000008 0.040044467273547886 4.0285000000003501 0.042876555714042815 0.0051537170030871871 0.1716482228524279 0.085986954814551222 0.26830520977102307 0.029774947011119924 -0.0088511612647674247 0.44436772609128034 -0.051077091914577315 0.13611511632485085 -0.3347550098287384 0.021510281067798617 2.6369873462986875 1.0000000180025095e-35 0.71967813110998669 0.83842623607725886 4.2878150790405885
decision_type=2 2 2 2 2 2 2 2 2 2 2 2 2 2 2 2 2 2 2 2 2 2 2 2 2 2 2 2 2 2
left_child=2 4 15 5 6 16 10 19 25 14 11 -2 21 -12 29 -1 17 -4 28 20 -5 -6 -8 -11 -7 -3 -14 -17 -9 -10
right_child=1 8 3 7 12 24 22 18 9 23 13 -13 26 -15 -16 27 -18 -19 -20 -21 -22 -23 -24 -25 -26 -27 -28 -29 -30 -31
leaf_value=-0.01337462041030487 0.0015234981990295958 0.003320652471870471 -0.0011183576793756891 -0.0035655441373735851 -0.0058658561823540373 -0.006346675133580771 -0.00010985314162385081 -0.0014705850104317841 0.007327159380463303 0.019373137541218215 0.0019382041351498108 -0.0023161581117076661 0.0038153721302058709 -0.001869342402239771 0.0045296386602040771 -0.0093172235451746046 -0.0010899773996876775 -0.0049036216082428063 -0.0086184118897654118 0.0008666054558223394 0.00096308303189712773 0.0015517078729293515 0.0018375027559365638 0.011299791761455501 -0.011587565590085188 -0.0043510968393423938 0.0075933591950857558 -0.0022603867530643224 -0.004531970431111209 0.014235746037512501
leaf_weight=294 770 1579 520 522 80 655 1544 1128 587 82 1616 4660 833 694 1399 423 1285 1146 135 3628 378 1071 3110 211 178 66 376 83 524 72
leaf_count=294 770 1579 520 522 80 655 1544 1128 587 82 1616 4660 833 694 1399 423 1285 1146 135 3628 378 1071 3110 211 178 66 376 83 524 72
internal_value=4.89149e-06 0.00136413 -0.00233347 -0.00172013 0.000337912 -0.00365258 -0.000180762 -0.000562182 0.00515315 0.00665072 -0.00100586 -0.00177168 0.00306183 0.000794292 0.00566714 -0.0100762 -0.00257598 -0.00372215 -0.00290826 0.000363709 -0.00166352 0.00103615 0.00119145 0.0135592 -0.00746658 0.00301285 0.00499033 -0.00815968 -0.00244163 0.00808197
internal_weight=29649 18750 10899 10099 14754 3784 12394 6315 3996 2351 7740 5430 2360 2310 2058 800 2951 1666 1787 4528 900 1151 4654 293 833 1645 1209 506 1652 659
internal_count=29649 18750 10899 10099 14754 3784 12394 6315 3996 2351 7740 5430 2360 2310 2058 800 2951 1666 1787 4528 900 1151 4654 293 833 1645 1209 506 1652 659
is_linear=0
shrinkage=0.05


Tree=6
num_leaves=31
num_cat=0
split_feature=155 98 149 157 106 92 85 87 57 162 94 126 91 113 109 155 128 132 85 11 11 76 57 158 154 70 20 28 3 34
split_gain=31.5889 15.5663 17.9125 13.5899 12.7025 6.49173 6.46917 6.33604 4.38264 4.00634 4.75533 3.95972 3.40973 2.82205 2.63732 2.1725 2.04248 1.77785 1.77116 1.65326 1.3938 1.33448 1.2877 1.43869 1.14413 1.1363 1.13343 1.01806 0.943527 0.842824
threshold=0.30489197014083486 0.13003832893374859 0.1251342386616843 0.29967891377756839 -0.084999999999999992 -0.018080206696902908 -0.062066654579115303 0.05073700957285366 0.039815128219485317 0.16806765817059355 -0.0032368614967843708 0.96721652364372912 -0.0045388110707070264 0.40664127207168677 0.49100000000000005 0.12952345691643596 -1.0000000180025095e-35 -1.0000000180025095e-35 0.034557424836016211 1.0000000180025095e-35 0.0073177479583211059 -0.3347550098287384 0.022154944271245397 0.13611511632485085 -0.087711290546378815 -0.83737129958171874 0.52431696028689057 0.0080389246197535309 0.47500000000000003 2.6369873462986875
decision_type=2 2 2 2 2 2 2 2 2 2 2 2 2 2 2 2 2 2 2 2 2 2 2 2 2 2 2 2 2 2
left_child=1 2 9 5 25 17 11 13 15 10 19 20 -7 -5 16 -3 -8 -4 -12 -1 -6 -13 -11 -24 -18 -2 -10 -22 -9 -16
right_child=4 8 3 7 6 12 14 28 26 22 18 21 -14 -15 29 -17 24 -19 -20 -21 27 -23 23 -25 -26 -27 -28 -29 -30 -31
leaf_value=-0.00019896830792151557 -0.0069943521165626897 0.00024545316829624047 -0.00026720662633041768 -0.0066116503396713338 0.0081747557119201866 0.0019600768245183814 0.012202242099418783 -0.017597685760722081 0.0056931107028894562 0.00080965405097625602 0.0019919710026202442 0.020547005542638629 -0.0015115266241068968 -0.0033343539270473638 0.0019769196045630135 0.0024908783002904615 0.005322402501848917 -0.0058747811982576767 -0.00055177912835660092 -0.0025160828509224417 0.0060622393646235125 0.010993702679129164 0.00081664622857056533 0.0047805556196911072 0.0025681121620802307 -0.0016282065689602406 0.012890390886529003 0.0025690126553399753 -0.010694932882255908 -0.0042977637679062104
leaf_weight=1074 113 2275 165 1274 478 861 82 58 298 2371 1544 55 3962 1356 1985 2046 851 986 1229 2718 599 109 414 512 677 777 67 320 338 55
leaf_count=1074 113 2275 165 1274 478 861 82 58 298 2371 1544 55 3962 1356 1985 2046 851 986 1229 2718 599 109 414 512 677 777 67 320 338 55
internal_value=4.64691e-06 -0.000826075 -0.00146683 -0.00307976 0.00321098 -0.00169696 0.00415384 -0.00580971 0.00175308 5.11938e-06 -0.000709054 0.00684772 -0.000891777 -0.00492191 0.00300174 0.00130867 0.00451463 -0.00507092 0.000864575 -0.00185981 0.0059849 0.0141976 0.00142718 0.00300835 0.00410208 -0.00230953 0.00701426 0.00484588 -0.0117059 0.00180775
internal_weight=29649 23548 18862 9000 6101 5974 5211 3026 4686 9862 6565 1561 4823 2630 3650 4321 1610 1151 2773 3792 1397 164 3297 926 1528 890 365 919 396 2040
internal_count=29649 23548 18862 9000 6101 5974 5211 3026 4686 9862 6565 1561 4823 2630 3650 4321 1610 1151 2773 3792 1397 164 3297 926 1528 890 365 919 396 2040
is_linear=0
shrinkage=0.05


Tree=7
num_leaves=31
num_cat=0
split_feature=155 104 149 91 101 87 85 57 91 162 94 126 86 109 57 84 105 85 91 11 11 33 44 90 70 59 57 28 93 28
split_gain=28.509 13.2237 14.5388 11.6152 11.1068 10.8968 5.04101 4.5681 4.19299 3.61572 4.29169 3.57365 2.39732 2.00499 1.89167 1.84574 1.63061 1.59847 1.4954 1.49206 1.25791 1.19886 1.19724 1.17303 1.16362 1.01891 0.94488 0.929353 0.887568 0.804637
threshold=0.30489197014083486 5.8500000000000005 0.1251342386616843 -0.018289949050058648 0.089147749390701372 -0.014322583781385621 -0.062066654579115303 0.035683393392329336 -0.013711813732743215 0.16806765817059355 -0.0032368614967843708 0.96721652364372912 -0.0055964391783958614 0.49100000000000005 0.031041076856589543 0.0092426568888758238 -3.9499999999999997 0.034557424836016211 0.0052104101657303179 1.0000000180025095e-35 0.0073177479583211059 0.19728669341957297 -0.40317837747705626 0.0099999999999998441 -0.83737129958171874 905267367.483693 0.034477707726194275 -0.037676303373653457 -0.0067697481000548168 0.21651344203097447
decision_type=2 2 2 2 2 2 2 2 2 2 2 2 2 2 2 2 2 2 2 2 2 2 2 2 2 2 2 2 2 2
left_child=1 2 9 21 6 12 11 23 -7 10 19 20 -5 14 -8 -6 -9 -12 -16 -1 29 -4 -11 -3 -17 -18 -13 -22 -24 -2
right_child=4 7 3 5 15 8 13 16 -10 22 17 26 -14 -15 18 24 25 -19 -20 -21 27 -23 28 -25 -26 -27 -28 -29 -30 -31
leaf_value=-0.00018901987681486725 0.0070492921853869796 0.00032852855959575019 -0.014760006608493213 -0.003545391718599951 0.0003429104720377273 0.0018620728824078028 0.0033067695020660721 0.0095446269860964897 -0.0018674217424042808 0.0061755836398245476 0.0018923724653885526 0.01097423328452319 -0.0069095068305664769 0.0017916253088448777 0.01065258004107616 -0.0098973078539110887 0.0033653975440026416 -0.00052419015810145663 0.0044947855443151141 -0.0023902787077247929 0.0061644623686263993 -0.0090410095611144839 0.0018231438141195354 0.0022717744665351966 -0.002572430555301253 0.010833316864445806 0.019218326944857839 0.0029838775374416569 0.00010091430995048058 0.013637655016142303
leaf_weight=1074 426 2298 144 926 873 861 1212 173 6044 124 1544 114 1237 1605 180 63 528 1229 218 2718 468 252 1965 1173 389 50 50 451 1208 52
leaf_count=1074 426 2298 144 926 873 861 1212 173 6044 124 1544 114 1237 1605 180 63 528 1229 218 2718 468 252 1965 1173 389 50 50 451 1208 52
internal_value=4.41457e-06 -0.000784771 -0.00133858 -0.00273852 0.00305043 -0.00237247 0.0041741 0.00175025 -0.00140238 4.86341e-06 -0.000673601 0.00650534 -0.0054693 0.00304221 0.0042889 -0.000999883 0.00528604 0.000821346 0.00727972 -0.00176682 0.00568565 -0.0111206 0.00135582 0.000985235 -0.00359338 0.00401141 0.0134877 0.00460359 0.00116747 0.00776602
internal_weight=29649 23548 19326 9464 6101 9068 4776 4222 6905 9862 6565 1561 2163 3215 1610 1325 751 2773 398 3792 1397 396 3297 3471 452 578 164 919 3173 478
internal_count=29649 23548 19326 9464 6101 9068 4776 4222 6905 9862 6565 1561 2163 3215 1610 1325 751 2773 398 3792 1397 396 3297 3471 452 578 164 919 3173 478
is_linear=0
shrinkage=0.05


end of trees

feature_importances:
vol_252d=28
spy_ret_3m=13
mom_36m=11
cpi_yoy=10
systemic_crisis_score=10
dividend_yield_ttm=9
dxy_ret_1m=8
mom_24m=7
ung_ret_1m=7
ppi_cpi_gap=7
macro_beta_vix_interaction=7
defensive_rotation_score=6
valuation_blueprint_score=5
leader_safety_score=5
bench_dd_1y=5
archetype_defensive_value_score=4
smh_rel_spy_1m=4
dgs10_change_1m=4
gld_ret_1m=4
unrate_3m_change=4
live_event_war_oil_rate_score=4
fund_panel_raw_flow_4q_cov_mean=3
mom_1m=3
qqq_rel_spy_1m=3
slv_ret_1m=3
m2_yoy_lag1m=3
macro_defensive_riskoff_interaction=3
bench_ret_12m=3
rs_sector_6m=2
spy_ret_1m=2
dba_ret_1m=2
cper_ret_1m=2
cpi_3m_ann=2
unrate_level=2
fed_assets_change_1m_bil=2
reverse_repo_change_1m_bil=2
macro_risk_off_score=2
market_regime_score=2
liquidity_regime_score=2
growth_liquidity_reentry_score=2
war_oil_rate_shock_score=2
px=1
open_px=1
liabilities=1
fundamental_reliability_score=1
sage_q_score=1
mom_3m=1
mom_12m=1
multi_year_winner_score=1
near_52w_high_pct=1
rsi14=1
dollar_vol_20d=1
technical_blueprint_score=1
vix_z_63d=1
vix_change_1m=1
uso_ret_1m=1
core_cpi_yoy=1
sahm_realtime=1
liquidity_impulse_score=1
liquidity_drain_score=1
inflation_pressure_score=1
macro_tech_leadership_interaction=1
macro_momentum_regime_interaction=1
within_sector_leader_score=1
market_near_high_ratio=1
market_overheat_ratio=1
bench_ret_6m=1
dd_gap_benchmark=1
growth_reentry_score=1
live_event_systemic_score=1
live_event_growth_reentry_score=1
rs_industry_12m=1

parameters:
[boosting: gbdt]
[objective: regression]
[metric: l2]
[tree_learner: serial]
[device_type: cpu]
[data_sample_strategy: bagging]
[data: ]
[valid: ]
[num_iterations: 500]
[learning_rate: 0.05]
[num_leaves: 31]
[num_threads: 6]
[seed: 42]
[deterministic: 0]
[force_col_wise: 0]
[force_row_wise: 0]
[histogram_pool_size: -1]
[max_depth: 6]
[min_data_in_leaf: 50]
[min_sum_hessian_in_leaf: 0.001]
[bagging_fraction: 0.8]
[pos_bagging_fraction: 1]
[neg_bagging_fraction: 1]
[bagging_freq: 5]
[bagging_seed: 400]
[bagging_by_query: 0]
[feature_fraction: 0.8]
[feature_fraction_bynode: 1]
[feature_fraction_seed: 30056]
[extra_trees: 0]
[extra_seed: 12879]
[early_stopping_round: 0]
[early_stopping_min_delta: 0]
[first_metric_only: 0]
[max_delta_step: 0]
[lambda_l1: 0]
[lambda_l2: 0]
[linear_lambda: 0]
[min_gain_to_split: 0]
[drop_rate: 0.1]
[max_drop: 50]
[skip_drop: 0.5]
[xgboost_dart_mode: 0]
[uniform_drop: 0]
[drop_seed: 17869]
[top_rate: 0.2]
[other_rate: 0.1]
[min_data_per_group: 100]
[max_cat_threshold: 32]
[cat_l2: 10]
[cat_smooth: 10]
[max_cat_to_onehot: 4]
[top_k: 20]
[monotone_constraints: ]
[monotone_constraints_method: basic]
[monotone_penalty: 0]
[feature_contri: ]
[forcedsplits_filename: ]
[refit_decay_rate: 0.9]
[cegb_tradeoff: 1]
[cegb_penalty_split: 0]
[cegb_penalty_feature_lazy: ]
[cegb_penalty_feature_coupled: ]
[path_smooth: 0]
[interaction_constraints: ]
[verbosity: -1]
[saved_feature_importance_type: 0]
[use_quantized_grad: 0]
[num_grad_quant_bins: 4]
[quant_train_renew_leaf: 0]
[stochastic_rounding: 1]
[linear_tree: 0]
[max_bin: 255]
[max_bin_by_feature: ]
[min_data_in_bin: 3]
[bin_construct_sample_cnt: 200000]
[data_random_seed: 175]
[is_enable_sparse: 1]
[enable_bundle: 1]
[use_missing: 1]
[zero_as_missing: 0]
[feature_pre_filter: 1]
[pre_partition: 0]
[two_round: 0]
[header: 0]
[label_column: ]
[weight_column: ]
[group_column: ]
[ignore_column: ]
[categorical_feature: ]
[forcedbins_filename: ]
[precise_float_parser: 0]
[parser_config_file: ]
[objective_seed: 16083]
[num_class: 1]
[is_unbalance: 0]
[scale_pos_weight: 1]
[sigmoid: 1]
[boost_from_average: 1]
[reg_sqrt: 0]
[alpha: 0.9]
[fair_c: 1]
[poisson_max_delta_step: 0.7]
[tweedie_variance_power: 1.5]
[lambdarank_truncation_level: 30]
[lambdarank_norm: 1]
[label_gain: ]
[lambdarank_position_bias_regularization: 0]
[eval_at: ]
[multi_error_top_k: 1]
[auc_mu_weights: ]
[num_machines: 1]
[local_listen_port: 12400]
[time_out: 120]
[machine_list_filename: ]
[machines: ]
[gpu_platform_id: -1]
[gpu_device_id: -1]
[gpu_use_dp: 0]
[num_gpu: 1]

end of parameters

pandas_categorical:[]
