date,signal_date,ticker,target_weight,actual_weight,shares,price
2019-06-03,2019-05-31,HEI,0.1061103451407027,0.10588152570918467,87.0,121.46788787841797
2019-06-03,2019-05-31,SHOP,0.1010639686944597,0.10116034638887302,381.0,26.5
2019-06-03,2019-05-31,NOW,0.0879767315037389,0.08809663730009168,177.0,49.67599868774414
2019-06-03,2019-05-31,MA,0.0872772210087652,0.08634541528151744,37.0,232.91534423828125
2019-06-03,2019-05-31,PAYC,0.0807369874213743,0.07902479987450006,41.0,192.3712158203125
2019-06-03,2019-05-31,MELI,0.0562094979091791,0.05128834246743782,9.0,568.77001953125
2019-06-03,2019-05-31,FICO,0.0328301209130218,0.03169280033345408,11.0,287.55999755859375
2019-06-03,2019-05-31,ROKU,0.0302648896089373,0.02966157789369725,33.0,89.70999908447266
2019-06-03,2019-05-31,HD,0.0302442417637975,0.030182372778101815,19.0,158.54783630371094
2019-06-03,2019-05-31,TSCO,0.0241680621322911,0.024079405502405282,133.0,18.069854736328125
2019-06-03,2019-05-31,V,0.0239940627815187,0.022681593179592566,15.0,150.9186248779297
2019-06-03,2019-05-31,AMT,0.0217833403314061,0.020642482658991747,12.0,171.68850708007812
2019-06-03,2019-05-31,PODD,0.0211383846084285,0.02081098714315241,19.0,109.31999969482422
2019-06-03,2019-05-31,ARMK,0.0190688783475427,0.019033511825576485,83.0,22.887659072875977
2019-06-03,2019-05-31,BLD,0.0183637601264714,0.01763184763175071,22.0,79.98999786376953
2019-06-03,2019-05-31,AWI,0.0163842641969286,0.016054655178509746,19.0,84.33501434326172
2019-06-03,2019-05-31,CMS,0.015717321743711,0.015314070748042996,33.0,46.3166618347168
2019-06-03,2019-05-31,Z,0.0146446532714632,0.014334882096103868,34.0,42.08000183105469
2019-07-01,2019-06-28,HEI,0.0903465527050368,0.09057086705245719,74.0,131.71240234375
2019-07-01,2019-06-28,NOW,0.0837878703925665,0.08430406038348918,160.0,56.70199966430664
2019-07-01,2019-06-28,MA,0.0675957644614639,0.06911646233264387,29.0,256.47991943359375
2019-07-01,2019-06-28,PAYC,0.0632849190887064,0.06374448014057277,31.0,221.2843780517578
2019-07-01,2019-06-28,SHOP,0.0609040005359338,0.06115441815631205,216.0,30.468000411987305
2019-07-01,2019-06-28,AWI,0.0543870273154628,0.05383975087485191,63.0,91.96707153320312
2019-07-01,2019-06-28,BLD,0.0483573695483079,0.04818394222217724,64.0,81.0199966430664
2019-07-01,2019-06-28,MELI,0.0443674323486804,0.046039247063048586,8.0,619.3099975585938
2019-07-01,2019-06-28,HD,0.0413647907628114,0.041142863913063314,25.0,177.1023712158203
2019-07-01,2019-06-28,FICO,0.0385536382223546,0.03826276811981146,13.0,316.739990234375
2019-07-01,2019-06-28,Z,0.0365876394717779,0.03625504440265078,82.0,47.58000183105469
2019-07-01,2019-06-28,TSCO,0.0352483687448868,0.03522663432306925,192.0,19.744211196899414
2019-07-01,2019-06-28,V,0.0337454113770894,0.03229896067480463,21.0,165.5156707763672
2019-07-01,2019-06-28,PODD,0.0270025839192406,0.026427721812072428,24.0,118.5
2019-07-01,2019-06-28,ARMK,0.0258861800830236,0.025778219285341932,117.0,23.71029281616211
2019-07-01,2019-06-28,ROKU,0.0218824785502193,0.022075325730811904,26.0,91.37000274658203
2019-07-01,2019-06-28,CMS,0.0098736158250289,0.010013709576324624,23.0,46.85295867919922
2019-07-01,2019-06-28,AMT,0.0006122270399745,0.0015487775198536257,1.0,166.67056274414062
2019-08-01,2019-07-31,NOW,0.0781146724536978,0.07848002875149783,158.0,54.79999923706055
2019-08-01,2019-07-31,V,0.0705165391791219,0.06954068085455191,45.0,170.4923553466797
2019-08-01,2019-07-31,PAYC,0.0672732473793907,0.06725960935211386,32.0,231.89044189453125
2019-08-01,2019-07-31,HEI,0.0635689687422137,0.06453976246466439,52.0,136.9312286376953
2019-08-01,2019-07-31,HD,0.0561280492310249,0.05524076781287668,34.0,179.2500457763672
2019-08-01,2019-07-31,SHOP,0.0539547528547481,0.05415148335260499,175.0,34.138999938964844
2019-08-01,2019-07-31,ROKU,0.0514142224145204,0.05118749971173919,56.0,100.84500122070312
2019-08-01,2019-07-31,MA,0.0485786477059578,0.05023290852739166,21.0,263.9049377441406
2019-08-01,2019-07-31,Z,0.045205820106735,0.04504824844230006,100.0,49.70000076293945
2019-08-01,2019-07-31,FICO,0.0431205216449462,0.04239728951144896,13.0,359.80999755859375
2019-08-01,2019-07-31,MELI,0.0415681527291107,0.04542531244003978,8.0,626.4500122070312
2019-08-01,2019-07-31,PODD,0.0389192598856102,0.03888107841093799,35.0,122.55999755859375
2019-08-01,2019-07-31,TSCO,0.0337490931807728,0.03353751019662835,192.0,19.271169662475586
2019-08-01,2019-07-31,AWI,0.0272766348334183,0.027416287552551794,34.0,88.96275329589844
2019-08-01,2019-07-31,BLD,0.0256515040159539,0.02643543534414387,34.0,85.77999877929688
2019-08-01,2019-07-31,ARMK,0.0197226154899965,0.019771802282166857,92.0,23.71029281616211
2019-08-01,2019-07-31,AMT,0.0125907382232307,0.011051165483898557,7.0,174.17608642578125
2019-08-01,2019-07-31,CMS,0.0007612323832473,0.0008746992423755188,2.0,48.251102447509766
2019-09-03,2019-08-30,LRCX,0.0973125285532162,0.09741044568414718,568.0,19.61454200744629
2019-09-03,2019-08-30,V,0.071064472794873,0.07017472328300946,47.0,170.76695251464844
2019-09-03,2019-08-30,SHOP,0.0676119329628194,0.06746903393364201,201.0,38.39099884033203
2019-09-03,2019-08-30,MA,0.0605284513219443,0.058937415174074956,25.0,269.63238525390625
2019-09-03,2019-08-30,TREX,0.0576667908988393,0.05748461736304462,159.0,41.349998474121094
2019-09-03,2019-08-30,HEI,0.0503005808663553,0.05050958574993079,41.0,140.8999786376953
2019-09-03,2019-08-30,ROKU,0.05,0.050751436693859855,37.0,156.8800048828125
2019-09-03,2019-08-30,PODD,0.0469580681434028,0.04845883431205263,33.0,167.9499969482422
2019-09-03,2019-08-30,BLD,0.0403151275595176,0.040056279368515836,51.0,89.83000183105469
2019-09-03,2019-08-30,AMT,0.0387442939311953,0.03769203058156382,22.0,195.95115661621094
2019-09-03,2019-08-30,PAYC,0.0354220050660673,0.03747542183222609,18.0,238.11952209472656
2019-09-03,2019-08-30,HD,0.0341072883706916,0.03465041597516407,21.0,188.71661376953125
2019-09-03,2019-08-30,DG,0.0297719364517944,0.02971603634721537,24.0,141.6121826171875
2019-09-03,2019-08-30,MKTX,0.0292534429084379,0.02619575060127358,8.0,374.5086364746094
2019-09-03,2019-08-30,ARMK,0.0263715147811179,0.026376895463380547,110.0,27.425336837768555
2019-09-03,2019-08-30,CMS,0.0228480478557221,0.022560820314264846,49.0,52.65987014770508
2019-09-03,2019-08-30,AWI,0.0215125684554376,0.021556023561859945,28.0,88.05045318603516
2019-09-03,2019-08-30,FICO,0.0175234776317837,0.018466004479459015,6.0,352.0
2019-10-01,2019-09-30,LRCX,0.1,0.10017857718783515,514.0,21.32851791381836
2019-10-01,2019-09-30,TREX,0.0908502301678542,0.09073483648670287,228.0,43.54999923706055
2019-10-01,2019-09-30,ENTG,0.0728203196831686,0.07252893064951094,174.0,45.6153450012207
2019-10-01,2019-09-30,BLD,0.0634667841949302,0.06323860390725528,73.0,94.80000305175781
2019-10-01,2019-09-30,PODD,0.0606494936534745,0.05951760972504994,40.0,162.8300018310547
2019-10-01,2019-09-30,MA,0.0578268601417546,0.059580957736600736,25.0,260.8052978515625
2019-10-01,2019-09-30,HD,0.0458344192038151,0.044732571876102065,25.0,195.80906677246094
2019-10-01,2019-09-30,RH,0.0433725046136686,0.04207911118413837,27.0,170.5500030517578
2019-10-01,2019-09-30,DG,0.0417225836802066,0.04099456176990131,31.0,144.71498107910156
2019-10-01,2019-09-30,MLM,0.0414518210608807,0.039825201008213594,17.0,256.36456298828125
2019-10-01,2019-09-30,LKQ,0.0402502038359667,0.04009082441319746,162.0,27.081886291503906
2019-10-01,2019-09-30,AMT,0.0390494165260279,0.038413151632728675,23.0,182.76837158203125
2019-10-01,2019-09-30,ARMK,0.0370230479750538,0.03684748099370043,142.0,28.3967342376709
2019-10-01,2019-09-30,BLDR,0.0362274921017969,0.03621772486757334,194.0,20.43000030517578
2019-10-01,2019-09-30,CMS,0.0319260985243046,0.031646124535208875,66.0,52.47174835205078
2019-10-01,2019-09-30,MKTX,0.0266472019880498,0.02489472445179046,9.0,302.700927734375
2019-10-01,2019-09-30,SHOP,0.0237110599897999,0.023756291562913912,83.0,31.32200050354004
2019-10-01,2019-09-30,ROKU,0.019990782342415,0.020586082367928124,22.0,102.4000015258789
2019-11-01,2019-10-31,LRCX,0.1,0.10025324739303293,450.0,25.760116577148438
2019-11-01,2019-10-31,ROKU,0.0913010833872611,0.09122381538355687,72.0,146.5
2019-11-01,2019-10-31,BLD,0.0699995730385299,0.06961748545470367,73.0,110.2699966430664
2019-11-01,2019-10-31,RH,0.0644003807459795,0.0638711988286754,42.0,175.83999633789062
2019-11-01,2019-10-31,ENTG,0.0623015276771561,0.06262967330897294,154.0,47.02418899536133
2019-11-01,2019-10-31,BLDR,0.0595121327318436,0.05947450097789895,283.0,24.299999237060547
2019-11-01,2019-10-31,CRUS,0.0586407156925835,0.05825585047160979,93.0,72.43000030517578
2019-11-01,2019-10-31,AAPL,0.0468904633344524,0.04674847558309241,88.0,61.42521286010742
2019-11-01,2019-10-31,LKQ,0.0450074639772221,0.044863738404539936,168.0,30.87792205810547
2019-11-01,2019-10-31,TSLA,0.0442042130606586,0.044076888248113025,244.0,20.887332916259766
2019-11-01,2019-10-31,TREX,0.0356250675629034,0.035988650505941654,93.0,44.744998931884766
2019-11-01,2019-10-31,DG,0.033093197085336,0.034042522070904566,27.0,145.787353515625
2019-11-01,2019-10-31,ARMK,0.0316195695978881,0.031855041487939995,128.0,28.775978088378906
2019-11-01,2019-10-31,HD,0.0290169416498863,0.02956843315256931,17.0,201.113525390625
2019-11-01,2019-10-31,PODD,0.0275327586342403,0.027870137459985865,22.0,146.47999572753906
2019-11-01,2019-10-31,CMS,0.0234405381216573,0.023890862259605766,53.0,52.121612548828125
2019-11-01,2019-10-31,MLM,0.0215993480541568,0.021783603620598724,10.0,251.87879943847656
2019-11-01,2019-10-31,AMT,0.0181165533254002,0.01850682811319034,12.0,178.32516479492188
2019-12-02,2019-11-29,LRCX,0.0897336940456196,0.08998531738331063,426.0,24.341859817504883
2019-12-02,2019-11-29,CRUS,0.0860497623778919,0.0860869822535563,140.0,70.86000061035156
2019-12-02,2019-11-29,QRVO,0.075340335728858,0.07505822685336294,84.0,102.97000122070312
2019-12-02,2019-11-29,RH,0.0728085799772584,0.07262358790516783,42.0,199.25999450683594
2019-12-02,2019-11-29,AAPL,0.0671131058889527,0.0667997681289333,121.0,63.618186950683594
2019-12-02,2019-11-29,NVDA,0.0640582118908706,0.06414205006357217,1421.0,5.201642036437988
2019-12-02,2019-11-29,BIO,0.0524498522921735,0.05160567502581005,16.0,371.67999267578125
2019-12-02,2019-11-29,AMD,0.0523706857564523,0.052430063879525,156.0,38.72999954223633
2019-12-02,2019-11-29,SWKS,0.0494799138953327,0.04923060864124351,68.0,83.42918395996094
2019-12-02,2019-11-29,TSLA,0.0490486320199145,0.04901328453553137,253.0,22.32466697692871
2019-12-02,2019-11-29,DXCM,0.0473984048729085,0.04712082889871185,97.0,55.97999954223633
2019-12-02,2019-11-29,BLDR,0.0395696968188426,0.03970497687652288,182.0,25.139999389648438
2019-12-02,2019-11-29,ENTG,0.0378969667920278,0.03801324832288797,96.0,45.630523681640625
2019-12-02,2019-11-29,STM,0.0360771560198989,0.03612305943587216,181.0,22.998401641845703
2019-12-02,2019-11-29,PODD,0.0349431261969748,0.034726711730916085,22.0,181.89999389648438
2019-12-02,2019-11-29,CROX,0.0315919324481991,0.03162067781399088,109.0,33.43000030517578
2019-12-02,2019-11-29,LKQ,0.0299318090550053,0.03016430572149739,112.0,31.036090850830078
2019-12-02,2019-11-29,BLD,0.0281976924077879,0.02897248064897155,31.0,107.69999694824219
2020-01-02,2019-12-31,SWKS,0.1119744988386772,0.1118077271349887,139.0,103.20075988769531
2020-01-02,2019-12-31,TSLA,0.1,0.09993586155790325,447.0,28.68400001525879
2020-01-02,2019-12-31,CROX,0.0935217488824729,0.09339260735082185,287.0,41.75
2020-01-02,2019-12-31,LRCX,0.0771370160575548,0.0772818708487215,358.0,27.696218490600586
2020-01-02,2019-12-31,CRUS,0.0729117447328874,0.07353871354336657,111.0,85.0
2020-01-02,2019-12-31,AAPL,0.0720018739172793,0.07160108302129566,127.0,72.33387756347656
2020-01-02,2019-12-31,QRVO,0.0678993580492455,0.06869038005218002,76.0,115.95999908447266
2020-01-02,2019-12-31,AMD,0.0633386794387649,0.06314508418195452,165.0,49.099998474121094
2020-01-02,2019-12-31,BIO,0.0374005523095563,0.03770918735780387,13.0,372.1600036621094
2020-01-02,2019-12-31,RL,0.0318376203646877,0.03132303383091742,38.0,105.75626373291016
2020-01-02,2019-12-31,STM,0.0308106388573296,0.030966760089892773,150.0,26.486854553222656
2020-01-02,2019-12-31,MU,0.0291629900551515,0.029052735420732608,69.0,54.021148681640625
2020-01-02,2019-12-31,RH,0.0257138567322908,0.026375729372628772,16.0,211.5
2020-01-02,2019-12-31,TER,0.0249721870248679,0.0248666769037419,47.0,67.880615234375
2020-01-02,2019-12-31,DXCM,0.0226912035849253,0.02308367408998022,54.0,54.845001220703125
2020-01-02,2019-12-31,NVDA,0.0217928869455208,0.021847178721850817,470.0,5.963804244995117
2020-01-02,2019-12-31,BLDR,0.0188150568774076,0.01901297246337249,96.0,25.40999984741211
2020-01-02,2019-12-31,LKQ,0.0144218468532401,0.014466236496651888,59.0,31.45787811279297
2020-02-03,2020-01-31,TSLA,0.1320983101414812,0.1324616684200453,344.0,52.0
2020-02-03,2020-01-31,LRCX,0.087664378587375,0.08770286145342537,413.0,28.67710304260254
2020-02-03,2020-01-31,DXCM,0.0772765541023285,0.07724926236288321,176.0,59.272499084472656
2020-02-03,2020-01-31,AMD,0.0747980832102465,0.07467408147445273,210.0,48.02000045776367
2020-02-03,2020-01-31,AAPL,0.0658671201936289,0.06605475573694775,120.0,74.3351821899414
2020-02-03,2020-01-31,SHOP,0.0634448504423672,0.06326064972930842,182.0,46.93899917602539
2020-02-03,2020-01-31,BIO,0.0629751977755133,0.06199684615096649,23.0,364.010009765625
2020-02-03,2020-01-31,SWKS,0.0543742775784836,0.05491013223404849,76.0,97.56868743896484
2020-02-03,2020-01-31,NVDA,0.0508485904987655,0.05087556027809856,1150.0,5.974243640899658
2020-02-03,2020-01-31,STM,0.0460559103066226,0.046058722459891045,229.0,27.1611385345459
2020-02-03,2020-01-31,RH,0.0437227383515929,0.04325560562008733,28.0,208.6199951171875
2020-02-03,2020-01-31,QRVO,0.0415029090368634,0.042213862186324266,53.0,107.55999755859375
2020-02-03,2020-01-31,RL,0.0387091047915644,0.03808039386189469,51.0,100.8330307006836
2020-02-03,2020-01-31,MU,0.0375837595051802,0.037286618556603014,96.0,52.45094680786133
2020-02-03,2020-01-31,TER,0.0347892811613011,0.03472596377723638,71.0,66.0491943359375
2020-02-03,2020-01-31,BLDR,0.0280935528989747,0.028110338311029524,154.0,24.649999618530273
2020-02-03,2020-01-31,CROX,0.0243555079754057,0.02443017436735247,88.0,37.4900016784668
2020-02-03,2020-01-31,CRUS,0.0215239664051728,0.021720663424193293,38.0,77.19000244140625
2020-03-02,2020-02-28,NVDA,0.0648360925625215,0.06489964531611231,1258.0,6.875746250152588
2020-03-02,2020-02-28,TSLA,0.0609884145369776,0.06137416661268354,165.0,49.574668884277344
2020-03-02,2020-02-28,RNG,0.0512328181481617,0.050307896233731886,28.0,239.46182250976562
2020-03-02,2020-02-28,ZG,0.04848220400163,0.048358802303129715,118.0,54.619998931884766
2020-03-02,2020-02-28,Z,0.0451865293379499,0.04489866609327195,110.0,54.400001525878906
2020-03-02,2020-02-28,STM,0.0429585849951779,0.043032515883945174,217.0,26.42987823486328
2020-03-02,2020-02-28,ETSY,0.0424858371162456,0.04238241891461342,96.0,58.84000015258789
2020-03-02,2020-02-28,AMD,0.0406012498440747,0.0409512730731532,115.0,47.459999084472656
2020-03-02,2020-02-28,MRNA,0.0399326554203835,0.03990638837316899,178.0,29.8799991607666
2020-03-02,2020-02-28,ENPH,0.0389912520389412,0.03895169377309529,101.0,51.400001525878906
2020-03-02,2020-02-28,SHOP,0.0381296669805665,0.03847749560838094,105.0,48.84000015258789
2020-03-02,2020-02-28,DXCM,0.0369417986963297,0.037517660416873586,70.0,71.43250274658203
2020-03-02,2020-02-28,LRCX,0.0349999999999999,0.035197711004838324,168.0,27.923078536987305
2020-03-02,2020-02-28,MU,0.0303248981971627,0.030759423301989372,77.0,53.240928649902344
2020-03-02,2020-02-28,QRVO,0.0292699562173557,0.029390918819480697,39.0,100.44000244140625
2020-03-02,2020-02-28,AAPL,0.0192370119390245,0.019484224898257636,36.0,72.13379669189453
2020-03-02,2020-02-28,SWKS,0.0177087669823139,0.01798641875036442,27.0,88.78489685058594
2020-03-02,2020-02-28,RL,0.0153886196673194,0.015814061745637223,22.0,95.8029556274414
2020-04-01,2020-03-31,MRNA,0.0294926008960378,0.029747067218283622,110.0,29.670000076293945
2020-04-01,2020-03-31,NVDA,0.0268744823172532,0.026946901513048196,489.0,6.045970916748047
2020-04-01,2020-03-31,VEEV,0.0238754138887576,0.023785895128236416,17.0,153.50999450683594
2020-04-01,2020-03-31,VRTX,0.0234405455106453,0.02260656748243332,11.0,225.47999572753906
2020-04-01,2020-03-31,AMD,0.0227327832778084,0.023080523001057493,58.0,43.65999984741211
2020-04-01,2020-03-31,RGEN,0.0224903157326436,0.022354096070961237,26.0,94.33000183105469
2020-04-01,2020-03-31,TSLA,0.021690695438002,0.02194594738127355,75.0,32.104000091552734
2020-04-01,2020-03-31,JD,0.02138472622158,0.021235600902182714,65.0,35.84406661987305
2020-04-01,2020-03-31,RNG,0.0210474308389844,0.021084020958987575,11.0,210.29397583007812
2020-04-01,2020-03-31,QGEN,0.0202937875610186,0.020077453923598693,55.0,40.05087661743164
2020-04-01,2020-03-31,GILD,0.019929419000733,0.01985973882643908,38.0,57.339778900146484
2020-04-01,2020-03-31,DXCM,0.0187888500386974,0.019160389549482352,33.0,63.70249938964844
2020-04-01,2020-03-31,AMZN,0.0181913143442123,0.017387774996883133,20.0,95.38500213623047
2020-04-01,2020-03-31,SHOP,0.0167717750467382,0.016829199795587564,48.0,38.46699905395508
2020-04-01,2020-03-31,LRCX,0.0138708091385271,0.013898436421639687,73.0,20.888591766357422
2020-04-01,2020-03-31,AAPL,0.0126570682473779,0.012721653216572922,24.0,58.156517028808594
2020-04-01,2020-03-31,ENPH,0.0088217952171577,0.008954198204532455,33.0,29.770000457763672
2020-04-01,2020-03-31,ETSY,0.006849726961599,0.007108416264723425,22.0,35.45000076293945
2020-05-01,2020-04-30,MRNA,0.0809348196489133,0.08098945139893057,201.0,47.93000030517578
2020-05-01,2020-04-30,AMZN,0.0713204513795399,0.07110670013224506,74.0,114.302001953125
2020-05-01,2020-04-30,SHOP,0.0689113566041576,0.06861044861426875,133.0,61.36399841308594
2020-05-01,2020-04-30,ETSY,0.0606856589596086,0.06067813399049463,112.0,64.44499969482422
2020-05-01,2020-04-30,GOOGL,0.0600739297444875,0.0598244554395292,109.0,65.2870864868164
2020-05-01,2020-04-30,TSCO,0.0572599826036654,0.05728848592179405,370.0,18.417922973632812
2020-05-01,2020-04-30,VEEV,0.0531827306101021,0.05209129138018971,33.0,187.77000427246094
2020-05-01,2020-04-30,NVDA,0.0498902931185324,0.04990576250305227,844.0,7.033690929412842
2020-05-01,2020-04-30,DXCM,0.046881635620436,0.046654599017012285,65.0,85.37999725341797
2020-05-01,2020-04-30,GILD,0.0441480246017017,0.04411432093660659,83.0,63.223209381103516
2020-05-01,2020-04-30,TSLA,0.0408487570595315,0.040877399585936385,104.0,46.75466537475586
2020-05-01,2020-04-30,QGEN,0.0389045107221425,0.038720545645614855,111.0,41.49478530883789
2020-05-01,2020-04-30,ENPH,0.0368383259896373,0.03672251810224975,101.0,43.25
2020-05-01,2020-04-30,JD,0.0340623720492819,0.033831888581093525,111.0,36.25586700439453
2020-05-01,2020-04-30,RGEN,0.0314373181411054,0.03132357547357125,33.0,112.91000366210938
2020-05-01,2020-04-30,VRTX,0.0277128041414779,0.02571437891181228,12.0,254.89999389648438
2020-05-01,2020-04-30,AMD,0.0236247138694513,0.02390156167878524,57.0,49.880001068115234
2020-05-01,2020-04-30,RNG,0.0202744343984047,0.020132489208465266,11.0,217.71072387695312
2020-06-01,2020-05-29,JD,0.0984159347450647,0.09827882762712775,281.0,47.95272445678711
2020-06-01,2020-05-29,VEEV,0.0879634301892565,0.08783504893169601,55.0,218.9600067138672
2020-06-01,2020-05-29,SHOP,0.083868801112664,0.08348078625500813,151.0,75.80000305175781
2020-06-01,2020-05-29,MRNA,0.0802816288928585,0.08072556298704145,178.0,62.18000030517578
2020-06-01,2020-05-29,NVDA,0.0749288178510243,0.07495903614783096,1173.0,8.76164436340332
2020-06-01,2020-05-29,GOOGL,0.0653598466308075,0.06535207582592897,126.0,71.1129150390625
2020-06-01,2020-05-29,ETSY,0.062646514996082,0.06305221010429622,110.0,78.58999633789062
2020-06-01,2020-05-29,AMZN,0.0557132862624534,0.05587040720373754,62.0,123.552001953125
2020-06-01,2020-05-29,DXCM,0.05176404638138,0.05178893158574009,75.0,94.67500305175781
2020-06-01,2020-05-29,TSCO,0.0484559044033314,0.04857572663862437,300.0,22.200241088867188
2020-06-01,2020-05-29,VRTX,0.0462525300198212,0.04599385995695268,22.0,286.6400146484375
2020-06-01,2020-05-29,ENPH,0.0433709908134808,0.04352804652004442,100.0,59.68000030517578
2020-06-01,2020-05-29,TSLA,0.0403583103855035,0.040612221265612106,93.0,59.87333297729492
2020-06-01,2020-05-29,AMD,0.0381519699861945,0.03794197209019927,97.0,53.630001068115234
2020-06-01,2020-05-29,RGEN,0.0356628840865107,0.03507129557560478,37.0,129.9600067138672
2020-06-01,2020-05-29,RNG,0.030110911154404,0.028474541188663372,14.0,278.8613586425781
2020-06-01,2020-05-29,QGEN,0.0276303653948734,0.027911050985057095,88.0,43.48637008666992
2020-06-01,2020-05-29,GILD,0.0247865656991796,0.02514278067207659,58.0,59.435367584228516
2020-07-01,2020-06-30,ETSY,0.1058794935666015,0.10595970536694718,143.0,111.20999908447266
2020-07-01,2020-06-30,SHOP,0.1025010861547758,0.10228336658351142,151.0,101.66400146484375
2020-07-01,2020-06-30,SE,0.0975393233943635,0.09761680186287632,128.0,114.45999908447266
2020-07-01,2020-06-30,TSLA,0.0972152940328628,0.09697923108647961,195.0,74.64199829101562
2020-07-01,2020-06-30,MRNA,0.0651185036343358,0.06524814915318321,159.0,61.59000015258789
2020-07-01,2020-06-30,NVDA,0.0621281920987065,0.06225623326322708,985.0,9.48605728149414
2020-07-01,2020-06-30,GOOGL,0.0589492259373291,0.059045092886374655,124.0,71.46629333496094
2020-07-01,2020-06-30,JD,0.0552818821187692,0.05569254156906168,159.0,52.57012939453125
2020-07-01,2020-06-30,PDD,0.0539300270447519,0.05351811057574482,94.0,85.44999694824219
2020-07-01,2020-06-30,DOCU,0.0496255280715028,0.04888782447992694,41.0,178.9600067138672
2020-07-01,2020-06-30,VRTX,0.0361168698694828,0.036241442472517885,19.0,286.2799987792969
2020-07-01,2020-06-30,AMZN,0.034751227478311,0.03548370795865148,37.0,143.93499755859375
2020-07-01,2020-06-30,ENPH,0.0319107820135613,0.03203424546730395,98.0,49.060001373291016
2020-07-01,2020-06-30,DXCM,0.0295780390464486,0.029998622759101753,45.0,100.05249786376953
2020-07-01,2020-06-30,VEEV,0.0236084946132065,0.02420817936074158,15.0,242.22000122070312
2020-07-01,2020-06-30,TSCO,0.0211164146812049,0.021280054515442414,133.0,24.013763427734375
2020-07-01,2020-06-30,RNG,0.0153588237633034,0.015446746032426283,8.0,289.7918395996094
2020-07-01,2020-06-30,RGEN,0.0136143660338974,0.014066836005543442,17.0,124.19000244140625
2020-08-03,2020-07-31,SE,0.1004122044124525,0.09985663589195178,129.0,132.75
2020-08-03,2020-07-31,TSLA,0.0859904331571955,0.08659227393074256,150.0,99.0
2020-08-03,2020-07-31,DOCU,0.078643180661028,0.07784861136170729,59.0,226.27999877929688
2020-08-03,2020-07-31,NVDA,0.0715014941522657,0.07151098121198946,1119.0,10.959480285644531
2020-08-03,2020-07-31,PDD,0.0684838208899659,0.06831553044468831,122.0,96.02999877929688
2020-08-03,2020-07-31,AMD,0.0681195197923865,0.06793557330955137,150.0,77.66999816894531
2020-08-03,2020-07-31,ETSY,0.0643978054196572,0.06497371237299797,88.0,126.62000274658203
2020-08-03,2020-07-31,SHOP,0.0536310064502108,0.0536809415240451,85.0,108.30500030517578
2020-08-03,2020-07-31,MRNA,0.053477163431487,0.053655957292447855,118.0,77.9800033569336
2020-08-03,2020-07-31,ENPH,0.0502282892954828,0.04996928088372001,140.0,61.209999084472656
2020-08-03,2020-07-31,JD,0.0492681305070993,0.04945308653700386,150.0,56.5391731262207
2020-08-03,2020-07-31,TWLO,0.0467422787012114,0.04674956294221152,28.0,286.3299865722656
2020-08-03,2020-07-31,VEEV,0.0393581345230269,0.03907731437452514,25.0,268.05999755859375
2020-08-03,2020-07-31,RGEN,0.0285209262336922,0.02768678699996108,30.0,158.27000427246094
2020-08-03,2020-07-31,AMZN,0.0272782531454459,0.028126041907319252,31.0,155.59449768066406
2020-08-03,2020-07-31,TSCO,0.0233895535366651,0.02333754542557684,150.0,26.681560516357422
2020-08-03,2020-07-31,DXCM,0.0188570933092203,0.019403229968480106,30.0,110.9175033569336
2020-08-03,2020-07-31,RNG,0.0150271790531285,0.014219324739135208,8.0,304.8149719238281
2020-09-01,2020-08-31,TSLA,0.1187448391249128,0.11918768251669859,147.0,158.35000610351562
2020-09-01,2020-08-31,SE,0.0941009875962497,0.09444507874723129,114.0,161.8000030517578
2020-09-01,2020-08-31,NVDA,0.0776148931051778,0.07772015227931259,1103.0,13.761385917663574
2020-09-01,2020-08-31,AMD,0.0711503335016203,0.07079847784412756,150.0,92.18000030517578
2020-09-01,2020-08-31,JD,0.0657765442704339,0.0655025632033856,177.0,72.27516174316406
2020-09-01,2020-08-31,ZM,0.0614968257051122,0.06093134014184392,26.0,457.69000244140625
2020-09-01,2020-08-31,META,0.060182125524068,0.05998299025380527,40.0,292.8681640625
2020-09-01,2020-08-31,RUN,0.0559414316939019,0.05579336872425091,187.0,58.27000045776367
2020-09-01,2020-08-31,DOCU,0.0503436028149501,0.05092451775067361,37.0,268.79998779296875
2020-09-01,2020-08-31,ENPH,0.0477927936882669,0.04795929882357017,119.0,78.70999908447266
2020-09-01,2020-08-31,SHOP,0.0454922142676766,0.04588372138772926,79.0,113.43199920654297
2020-09-01,2020-08-31,AMZN,0.0428704965691056,0.04210393042354782,47.0,174.95599365234375
2020-09-01,2020-08-31,ETSY,0.0409343805082905,0.04097883776915361,64.0,125.05000305175781
2020-09-01,2020-08-31,VEEV,0.0392824637931631,0.03915027113365355,26.0,294.0799865722656
2020-09-01,2020-08-31,TSCO,0.0369764774550068,0.036969919448083345,267.0,27.04215431213379
2020-09-01,2020-08-31,PDD,0.0321347920698081,0.03227759297584432,69.0,91.36000061035156
2020-09-01,2020-08-31,TWLO,0.0290973638366784,0.029380522307410502,21.0,273.239990234375
2020-09-01,2020-08-31,RGEN,0.0271106509138834,0.02701187022034853,34.0,155.16000366210938
2020-10-01,2020-09-30,RUN,0.1158132154620311,0.11572303016048452,277.0,79.97000122070312
2020-10-01,2020-09-30,ENPH,0.1034540350258035,0.10334197718756845,221.0,89.51000213623047
2020-10-01,2020-09-30,ZM,0.0983624065514886,0.09840465940987107,39.0,482.989990234375
2020-10-01,2020-09-30,TSLA,0.0852517162494864,0.08584548636261581,110.0,149.3866729736328
2020-10-01,2020-09-30,META,0.068817589853531,0.06765826253399594,49.0,264.3089294433594
2020-10-01,2020-09-30,NVDA,0.0654845308825102,0.06557652151351848,926.0,13.555778503417969
2020-10-01,2020-09-30,SE,0.0631089523308388,0.0635252671589116,76.0,160.0
2020-10-01,2020-09-30,DDOG,0.0545574726619938,0.05407483996154236,100.0,103.51000213623047
2020-10-01,2020-09-30,JD,0.052182911827397,0.05250616823135354,146.0,68.84058380126953
2020-10-01,2020-09-30,ETSY,0.0476807684710241,0.047469517970404246,69.0,131.69000244140625
2020-10-01,2020-09-30,LOW,0.0469590181552772,0.04640264241835557,59.0,150.54896545410156
2020-10-01,2020-09-30,AMD,0.040689740038672,0.0407853114563137,92.0,84.86000061035156
2020-10-01,2020-09-30,TSCO,0.0318613072953926,0.031915322809729946,237.0,25.777332305908203
2020-10-01,2020-09-30,VEEV,0.0279893987391279,0.028945790389018608,20.0,277.0400085449219
2020-10-01,2020-09-30,DOCU,0.0260026749531132,0.026705582827718295,23.0,222.25999450683594
2020-10-01,2020-09-30,RGEN,0.0246699316405799,0.025013910618868186,32.0,149.6300048828125
2020-10-01,2020-09-30,AMZN,0.0229853254541828,0.023559536942461823,28.0,161.06300354003906
2020-10-01,2020-09-30,TWLO,0.0209153329890358,0.021478226455704578,16.0,256.9599914550781
2020-11-02,2020-10-30,SE,0.0899737410984708,0.08968056063226945,101.0,159.6699981689453
2020-11-02,2020-10-30,ENPH,0.0784981401363317,0.07910374582957255,137.0,103.83000183105469
2020-11-02,2020-10-30,GOOG,0.0754046448471241,0.07529205962503206,168.0,80.59095001220703
2020-11-02,2020-10-30,ZM,0.0740855789439704,0.0755741162291382,30.0,453.0
2020-11-02,2020-10-30,PWR,0.067324116222443,0.06731090853013795,184.0,65.78305053710938
2020-11-02,2020-10-30,JD,0.0662065589646601,0.06618060623890824,165.0,72.126220703125
2020-11-02,2020-10-30,ALGN,0.0621656861593672,0.06118533868184236,24.0,458.44000244140625
2020-11-02,2020-10-30,GOOGL,0.0603758929555992,0.06043589509782476,135.0,80.50216674804688
2020-11-02,2020-10-30,NVDA,0.0600542415062551,0.06018615982370493,864.0,12.52648639678955
2020-11-02,2020-10-30,DAR,0.0520420637192914,0.051928260034926066,213.0,43.84000015258789
2020-11-02,2020-10-30,RGEN,0.0472290206434812,0.04636135572964245,49.0,170.13999938964844
2020-11-02,2020-10-30,SAM,0.0454862187569428,0.04043509913736466,7.0,1038.739990234375
2020-11-02,2020-10-30,TSLA,0.0440059335290976,0.04454479429377722,60.0,133.50332641601562
2020-11-02,2020-10-30,LOW,0.0419033561841123,0.04267594447019178,53.0,144.79502868652344
2020-11-02,2020-10-30,TWLO,0.0381470015561208,0.03800671866029441,25.0,273.3800048828125
2020-11-02,2020-10-30,ETSY,0.035139257014749,0.035859835427997575,51.0,126.44000244140625
2020-11-02,2020-10-30,VEEV,0.0318008055468462,0.03130203252071343,21.0,268.0400085449219
2020-11-02,2020-10-30,RUN,0.0268175107556885,0.027116593644755615,90.0,54.18000030517578
2020-12-01,2020-11-30,PDD,0.1040006323226642,0.10044573816405343,145.0,136.5399932861328
2020-12-01,2020-11-30,SE,0.0951700879365858,0.0944925560386122,105.0,177.3800048828125
2020-12-01,2020-11-30,ENPH,0.0822003166557854,0.08236801953200347,126.0,128.85000610351562
2020-12-01,2020-11-30,TSLA,0.075377033360163,0.07515772509215651,76.0,194.9199981689453
2020-12-01,2020-11-30,LRCX,0.0742641615359555,0.07425471952493953,332.0,44.084136962890625
2020-12-01,2020-11-30,ETSY,0.0696491451923264,0.06905456404649188,88.0,154.6699981689453
2020-12-01,2020-11-30,GOOG,0.0619298511797261,0.06239563834420957,138.0,89.11924743652344
2020-12-01,2020-11-30,ZM,0.0568323599951544,0.05771905010934932,28.0,406.30999755859375
2020-12-01,2020-11-30,GOOGL,0.054013187520052,0.05417169454713705,120.0,88.97900390625
2020-12-01,2020-11-30,MU,0.052967044895857,0.05277477375244717,159.0,65.42227172851562
2020-12-01,2020-11-30,DAR,0.0492393283365205,0.049524001831473416,204.0,47.849998474121094
2020-12-01,2020-11-30,RUN,0.0468344036684655,0.046604892051385405,147.0,62.4900016784668
2020-12-01,2020-11-30,ALGN,0.0438369837350498,0.04567020912406185,18.0,500.1000061035156
2020-12-01,2020-11-30,PWR,0.0321089693319826,0.03232661514815903,92.0,69.2578125
2020-12-01,2020-11-30,TWLO,0.0276336394544367,0.02863679941829779,18.0,313.5799865722656
2020-12-01,2020-11-30,RGEN,0.0249941155028756,0.025572029280352408,26.0,193.86000061035156
2020-12-01,2020-11-30,JD,0.0236797967809357,0.023904870437942104,63.0,74.7897720336914
2020-12-01,2020-11-30,SAM,0.0220912137294259,0.024518223035361494,5.0,966.530029296875
2021-01-04,2020-12-31,PDD,0.1353901967733979,0.13544367081798234,176.0,166.77999877929688
2021-01-04,2020-12-31,ENPH,0.103962977569661,0.10331882641186503,130.0,172.24000549316406
2021-01-04,2020-12-31,MU,0.0872992826293387,0.08730939040030579,262.0,72.22001647949219
2021-01-04,2020-12-31,TSLA,0.078344963145996,0.07857146943314842,70.0,243.2566680908203
2021-01-04,2020-12-31,LRCX,0.0659784839868379,0.06608153825012608,317.0,45.177146911621094
2021-01-04,2020-12-31,DAR,0.0628521208450811,0.06278287054489148,239.0,56.93000030517578
2021-01-04,2020-12-31,FRHC,0.0588056316776977,0.058796519967798916,255.0,49.970001220703125
2021-01-04,2020-12-31,GOOG,0.052706248312089,0.05296252518016389,134.0,85.65679168701172
2021-01-04,2020-12-31,GOOGL,0.0500986888977576,0.050132030696353566,127.0,85.54792785644531
2021-01-04,2020-12-31,ALGN,0.0456831198851208,0.0437260235265811,18.0,526.4600219726562
2021-01-04,2020-12-31,SE,0.0398838079675153,0.04071023300945808,45.0,196.05999755859375
2021-01-04,2020-12-31,HPQ,0.0397692623078755,0.039785013146509125,436.0,19.775657653808594
2021-01-04,2020-12-31,PWR,0.0380616153615116,0.03806711666502127,122.0,67.62200927734375
2021-01-04,2020-12-31,SAM,0.0331863645374582,0.030758474906744243,7.0,952.280029296875
2021-01-04,2020-12-31,ETSY,0.0314166053645277,0.031760876185494516,40.0,172.0800018310547
2021-01-04,2020-12-31,JD,0.0281902514278163,0.027921681580366203,80.0,75.6396484375
2021-01-04,2020-12-31,TWLO,0.0239198959504407,0.024702164884972736,16.0,334.5899963378906
2021-01-04,2020-12-31,RGEN,0.0211635595519902,0.021993871692682965,25.0,190.66000366210938
2021-02-01,2021-01-29,PDD,0.0923235319262135,0.09273606476664817,125.0,173.9600067138672
2021-02-01,2021-01-29,TSLA,0.0815288827065247,0.08237551186207526,69.0,279.9366760253906
2021-02-01,2021-01-29,GOOG,0.0752166646296032,0.07515374689307415,187.0,94.23664093017578
2021-02-01,2021-01-29,GOOGL,0.0698803375102727,0.06962113739033819,174.0,93.8215560913086
2021-02-01,2021-01-29,UI,0.0690797828484274,0.06852608065857725,53.0,303.1731872558594
2021-02-01,2021-01-29,ENPH,0.0654523414079266,0.06595890071615172,83.0,186.33999633789062
2021-02-01,2021-01-29,MU,0.0624670755046409,0.06255779130604174,187.0,78.44234466552734
2021-02-01,2021-01-29,AMAT,0.0623494560645781,0.062260601410904066,151.0,96.68233489990234
2021-02-01,2021-01-29,IRDM,0.0602244202590075,0.06009209829894445,302.0,46.657470703125
2021-02-01,2021-01-29,LRCX,0.0587638498332917,0.05901636986171633,292.0,47.39149475097656
2021-02-01,2021-01-29,ETSY,0.0502394707008072,0.04953410771721572,57.0,203.77000427246094
2021-02-01,2021-01-29,SE,0.0473689800816246,0.04680904373550875,47.0,233.52999877929688
2021-02-01,2021-01-29,HPQ,0.0441544499504501,0.044185929562410915,516.0,20.079137802124023
2021-02-01,2021-01-29,FRHC,0.0416353730701757,0.04176845818353278,189.0,51.81999969482422
2021-02-01,2021-01-29,DAR,0.0398523715811235,0.03999749437126637,144.0,65.12999725341797
2021-02-01,2021-01-29,ALGN,0.0298464764308566,0.03010734052179193,13.0,543.0499877929688
2021-02-01,2021-01-29,TWLO,0.024206446960107,0.025352831383550913,16.0,371.54998779296875
2021-02-01,2021-01-29,RGEN,0.0221791035802935,0.022006956460490397,25.0,206.41000366210938
2021-03-01,2021-02-26,AMAT,0.0943909990532293,0.0943584681204396,202.0,117.00274658203125
2021-03-01,2021-02-26,ETSY,0.0880970726594597,0.08788138825739525,90.0,244.5800018310547
2021-03-01,2021-02-26,MU,0.0813553591318842,0.08117338684538954,220.0,92.41820526123047
2021-03-01,2021-02-26,HPQ,0.0756725595801635,0.07565131239902226,781.0,24.262300491333008
2021-03-01,2021-02-26,LRCX,0.0704643445603468,0.07049362076029142,312.0,56.59287643432617
2021-03-01,2021-02-26,GOOG,0.0655795421754003,0.06590064702279919,160.0,103.1659164428711
2021-03-01,2021-02-26,GOOGL,0.0605704796540715,0.06101753784702398,149.0,102.57344818115234
2021-03-01,2021-02-26,FRHC,0.0567163590255062,0.0566147491890506,253.0,56.04999923706055
2021-03-01,2021-02-26,ALGN,0.0542702401894152,0.05414740879222706,24.0,565.1099853515625
2021-03-01,2021-02-26,ENPH,0.0517008947801985,0.052106736786008606,70.0,186.4499969482422
2021-03-01,2021-02-26,PDD,0.0484891254073768,0.04905015875318583,66.0,186.14999389648438
2021-03-01,2021-02-26,UI,0.0460745856269908,0.04734748946455427,37.0,320.52490234375
2021-03-01,2021-02-26,SE,0.0421193631972565,0.042662447889473876,43.0,248.50999450683594
2021-03-01,2021-02-26,RGEN,0.0400132523064399,0.03983551332275829,45.0,221.72999572753906
2021-03-01,2021-02-26,DAR,0.034877290367381,0.035038131676265426,137.0,64.05999755859375
2021-03-01,2021-02-26,TWLO,0.0332244008981832,0.03319915613053679,20.0,415.7799987792969
2021-03-01,2021-02-26,IRDM,0.0273354455593923,0.027422477642187585,175.0,39.249595642089844
2021-03-01,2021-02-26,TSLA,0.0246846572294329,0.024858219165585067,26.0,239.47666931152344
2021-04-01,2021-03-31,AMAT,0.0933147817594781,0.09352197813540411,169.0,135.44564819335938
2021-04-01,2021-03-31,WSM,0.0789709552321214,0.07888765301553755,234.0,82.51468658447266
2021-04-01,2021-03-31,LRCX,0.0721762440492597,0.07250369595859003,293.0,60.56623840332031
2021-04-01,2021-03-31,FUTU,0.0679032761376557,0.06758337615158645,112.0,147.69300842285156
2021-04-01,2021-03-31,GOOGL,0.0628866510080368,0.06339426501365399,147.0,105.55303192138672
2021-04-01,2021-03-31,GOOG,0.0598760567579988,0.06017156937034358,139.0,105.95333099365234
2021-04-01,2021-03-31,LPX,0.05853921093821,0.058456424996441145,270.0,52.99154281616211
2021-04-01,2021-03-31,DAR,0.0568056842628872,0.05667868907261362,189.0,73.4000015258789
2021-04-01,2021-03-31,HPQ,0.0540263210596178,0.05415816729509015,501.0,26.458444595336914
2021-04-01,2021-03-31,WAL,0.0524276702635492,0.05219499348567251,151.0,84.60382080078125
2021-04-01,2021-03-31,AN,0.0494161749508853,0.04927245237823445,131.0,92.05999755859375
2021-04-01,2021-03-31,ETSY,0.0460743727135295,0.046784859764199285,55.0,208.1999969482422
2021-04-01,2021-03-31,HD,0.0456777191026646,0.04528175342996872,41.0,270.3195495605469
2021-04-01,2021-03-31,MU,0.0438720151721757,0.044187022109720066,120.0,90.12630462646484
2021-04-01,2021-03-31,JBL,0.0433094028870359,0.04316458805070558,203.0,52.04387664794922
2021-04-01,2021-03-31,LAD,0.0410473153547004,0.04088469143693496,26.0,384.8800964355469
2021-04-01,2021-03-31,SE,0.0369757262059485,0.037676091547820485,39.0,236.4499969482422
2021-04-01,2021-03-31,UI,0.0330032366643605,0.03366245123795268,30.0,274.63922119140625
2021-05-03,2021-04-30,LPX,0.1090209562621388,0.10892028464012037,435.0,62.54921340942383
2021-05-03,2021-04-30,GOOG,0.0822443889658766,0.08221249819761425,173.0,118.71185302734375
2021-05-03,2021-04-30,GOOGL,0.0768758911008434,0.07670164959091899,165.0,116.12429809570312
2021-05-03,2021-04-30,AMAT,0.0681074796006705,0.06820421533184093,134.0,127.14777374267578
2021-05-03,2021-04-30,HD,0.0625483109999901,0.06154916048763289,53.0,290.1005859375
2021-05-03,2021-04-30,CROX,0.0587049158818575,0.05853096888058707,149.0,98.12999725341797
2021-05-03,2021-04-30,WAL,0.0566915361358142,0.056949458504524916,150.0,94.84199523925781
2021-05-03,2021-04-30,RH,0.0557054479312863,0.05316912233991654,19.0,699.0499877929688
2021-05-03,2021-04-30,AN,0.0533129563582816,0.05343204824466334,129.0,103.47000122070312
2021-05-03,2021-04-30,FUTU,0.0485110679360044,0.048700848675330796,86.0,141.4622039794922
2021-05-03,2021-04-30,TREX,0.0480508999606321,0.047755114134711264,110.0,108.44999694824219
2021-05-03,2021-04-30,COF,0.0467266948821852,0.04641427619236663,85.0,136.40647888183594
2021-05-03,2021-04-30,WSM,0.0451876743224516,0.04532716590477562,142.0,79.73932647705078
2021-05-03,2021-04-30,LRCX,0.0344221767429116,0.03464489759706953,148.0,58.47630310058594
2021-05-03,2021-04-30,HPQ,0.0334754408941707,0.033614237883238425,295.0,28.464502334594727
2021-05-03,2021-04-30,JBL,0.0303906448984933,0.030618562562872487,148.0,51.68034744262695
2021-05-03,2021-04-30,LAD,0.0277420454506171,0.028661798043800483,19.0,376.8358154296875
2021-05-03,2021-04-30,SE,0.0239314080860766,0.024462531914927824,24.0,254.6199951171875
2021-06-01,2021-05-28,STLD,0.0898217798998262,0.08974895316941764,376.0,59.5572395324707
2021-06-01,2021-05-28,LPX,0.0885770571238067,0.08877853691875996,344.0,64.3935775756836
2021-06-01,2021-05-28,AMAT,0.0869716795413054,0.08656455013926465,163.0,132.509033203125
2021-06-01,2021-05-28,WSM,0.0728474884592845,0.07290524248784525,234.0,77.73845672607422
2021-06-01,2021-05-28,DKS,0.0592951778353146,0.05933471480802467,178.0,83.17290496826172
2021-06-01,2021-05-28,AN,0.0539530524994122,0.05445638257880297,129.0,105.33000183105469
2021-06-01,2021-05-28,NVDA,0.0528419675386932,0.05286558140564768,814.0,16.204723358154297
2021-06-01,2021-05-28,COF,0.0517289873309015,0.05166255884321081,85.0,151.65264892578125
2021-06-01,2021-05-28,GOOG,0.0499984181129187,0.0501961448292051,104.0,120.4287109375
2021-06-01,2021-05-28,JHG,0.0484348865923909,0.0484478945822246,385.0,31.39837646484375
2021-06-01,2021-05-28,RH,0.0471573973728701,0.04845625315303882,19.0,636.3400268554688
2021-06-01,2021-05-28,NDAQ,0.0468570219796325,0.04684498883111998,229.0,51.041175842285156
2021-06-01,2021-05-28,GOOGL,0.0457653975044325,0.04587825773906098,97.0,118.0125503540039
2021-06-01,2021-05-28,YETI,0.0437008973866763,0.04373320883497559,124.0,88.0
2021-06-01,2021-05-28,CROX,0.035726891225727,0.03595930136656656,87.0,103.12999725341797
2021-06-01,2021-05-28,LRCX,0.0337845952124244,0.03400818160987204,138.0,61.48898696899414
2021-06-01,2021-05-28,JBL,0.0328410785579022,0.032950001863945574,148.0,55.55034255981445
2021-06-01,2021-05-28,HD,0.0290582837362543,0.030065129760008823,27.0,277.83843994140625
2021-07-01,2021-06-30,NVDA,0.1135916144770996,0.11370833493947367,1417.0,20.1423282623291
2021-07-01,2021-06-30,NIO,0.0884047988918218,0.08841319093030912,436.0,50.900001525878906
2021-07-01,2021-06-30,CROX,0.0769456825603175,0.07690996015495004,165.0,117.0
2021-07-01,2021-06-30,YETI,0.0739092560275567,0.07384969791515086,199.0,93.1500015258789
2021-07-01,2021-06-30,FRHC,0.0726188781138079,0.0726653915614054,278.0,65.61000061035156
2021-07-01,2021-06-30,AMAT,0.0696499285053802,0.07007967352031787,133.0,132.25973510742188
2021-07-01,2021-06-30,NDAQ,0.0648785023047122,0.06485323466306205,297.0,54.81032943725586
2021-07-01,2021-06-30,FUTU,0.0636383219214076,0.06356049748107395,103.0,154.89495849609375
2021-07-01,2021-06-30,GOOG,0.0538278965179913,0.05389681181493563,108.0,125.26407623291016
2021-07-01,2021-06-30,GOOGL,0.0514806269037968,0.051253549440720955,106.0,121.3683090209961
2021-07-01,2021-06-30,LPX,0.0446725444571568,0.04483399957416871,199.0,56.55117416381836
2021-07-01,2021-06-30,STLD,0.0410731532652151,0.04118675718214585,183.0,56.492881774902344
2021-07-01,2021-06-30,DKS,0.0381202161026889,0.03846940912415918,111.0,86.9920883178711
2021-07-01,2021-06-30,JHG,0.0352052721104135,0.03525538925627233,283.0,31.269886016845703
2021-07-01,2021-06-30,JBL,0.0311946813083592,0.03141172770221436,138.0,57.134700775146484
2021-07-01,2021-06-30,LRCX,0.0281353623179656,0.028251503925945543,118.0,60.096168518066406
2021-07-01,2021-06-30,RH,0.0265278827213576,0.027510697847958083,10.0,690.5399780273438
2021-07-01,2021-06-30,COF,0.0228234527557098,0.023415279464129565,41.0,143.35165405273438
2021-08-02,2021-07-30,CROX,0.0909851591426407,0.0906030432121575,166.0,136.63999938964844
2021-08-02,2021-07-30,STLD,0.0787433646382821,0.0787767980550804,338.0,58.34783935546875
2021-08-02,2021-07-30,NVDA,0.0678724218519635,0.06800494280540846,865.0,19.681922912597656
2021-08-02,2021-07-30,FRHC,0.0670628870291542,0.0672972713908044,267.0,63.099998474121094
2021-08-02,2021-07-30,YETI,0.0601322706904774,0.060434211397333217,155.0,97.61000061035156
2021-08-02,2021-07-30,NDAQ,0.0570159299091407,0.05718372366452481,244.0,58.67130661010742
2021-08-02,2021-07-30,DXCM,0.0563501059966342,0.05617043730814402,110.0,127.8375015258789
2021-08-02,2021-07-30,AMD,0.0562755970431855,0.055975286432181005,129.0,108.62999725341797
2021-08-02,2021-07-30,GOOGL,0.0542692273955649,0.054461372249878875,102.0,133.6692657470703
2021-08-02,2021-07-30,JHG,0.0540072626980134,0.05394153275074797,406.0,33.261390686035156
2021-08-02,2021-07-30,AN,0.0529244682438359,0.052827783596439096,110.0,120.2300033569336
2021-08-02,2021-07-30,GOOG,0.0515505819398592,0.05169175467565274,96.0,134.801025390625
2021-08-02,2021-07-30,JLL,0.0484736975218437,0.047998892174112885,55.0,218.47999572753906
2021-08-02,2021-07-30,AMAT,0.0473804494067287,0.047859080192432873,88.0,136.15225219726562
2021-08-02,2021-07-30,COF,0.0409964182626108,0.040835198993405965,70.0,146.0426788330078
2021-08-02,2021-07-30,DKS,0.0354953652019583,0.03563475557937931,99.0,90.11181640625
2021-08-02,2021-07-30,JBL,0.030867018804472,0.03091285758235304,133.0,58.18762969970703
2021-08-02,2021-07-30,NIO,0.0269460518609358,0.027105528947513724,148.0,45.849998474121094
2021-09-01,2021-08-31,DKS,0.1116455474823874,0.11140465524152171,237.0,123.16020965576172
2021-09-01,2021-08-31,BILL,0.0979536572192299,0.09730965889570158,92.0,277.1300048828125
2021-09-01,2021-08-31,GTM,0.080797015809103,0.08082545974720612,326.0,64.95999908447266
2021-09-01,2021-08-31,PCTY,0.0670013758620061,0.06702968914440319,65.0,270.19000244140625
2021-09-01,2021-08-31,NVDA,0.0645586578030728,0.06471022867689051,758.0,22.36758804321289
2021-09-01,2021-08-31,GOOG,0.0572569846146718,0.056831886328362106,103.0,144.56736755371094
2021-09-01,2021-08-31,DXCM,0.0537457724023416,0.05407426882267757,104.0,136.22999572753906
2021-09-01,2021-08-31,DDOG,0.0524931397439917,0.052337114966266016,101.0,135.77000427246094
2021-09-01,2021-08-31,NRG,0.0507423432658405,0.050765936155928566,333.0,39.943267822265625
2021-09-01,2021-08-31,GOOGL,0.050578067859277,0.05109124615369347,93.0,143.9391632080078
2021-09-01,2021-08-31,CROX,0.0461053897543862,0.046508410100871866,85.0,143.36000061035156
2021-09-01,2021-08-31,FRHC,0.0436373086412506,0.04395604772738414,179.0,64.33999633789062
2021-09-01,2021-08-31,RGEN,0.043530139999379,0.04255178223162995,39.0,285.8699951171875
2021-09-01,2021-08-31,GTLS,0.0424349728109872,0.04210465864626182,57.0,193.5399932861328
2021-09-01,2021-08-31,AMD,0.039844485011448,0.040300366905435446,96.0,109.98999786376953
2021-09-01,2021-08-31,YETI,0.0377852235236669,0.038208680276409404,100.0,100.11000061035156
2021-09-01,2021-08-31,NDAQ,0.0294094107496374,0.0296420569432403,126.0,61.63866424560547
2021-09-01,2021-08-31,JLL,0.0277753155476779,0.028178472855566024,30.0,246.10000610351562
2021-10-01,2021-09-30,DXCM,0.0969001166107673,0.09688712140205387,178.0,137.47999572753906
2021-10-01,2021-09-30,PCTY,0.087436681851912,0.08688751545409307,77.0,285.010009765625
2021-10-01,2021-09-30,RGEN,0.0828389575719113,0.08250322404926529,74.0,281.6000061035156
2021-10-01,2021-09-30,DDOG,0.0710531215877893,0.07103407830575453,124.0,144.69000244140625
2021-10-01,2021-09-30,AN,0.0667403417069471,0.06666574141200786,141.0,119.41999816894531
2021-10-01,2021-09-30,JLL,0.0654132954395025,0.06537923986913459,64.0,258.0199890136719
2021-10-01,2021-09-30,WAL,0.0654024328592666,0.06545879487922693,166.0,99.5986328125
2021-10-01,2021-09-30,GTLS,0.060450653001452,0.059911915705686075,76.0,199.11000061035156
2021-10-01,2021-09-30,BILL,0.0564241114097272,0.0570549637294044,52.0,277.1300048828125
2021-10-01,2021-09-30,GTM,0.0531955733919334,0.053324374665187066,219.0,61.5
2021-10-01,2021-09-30,GOOGL,0.0498250938161744,0.04983390874668127,93.0,135.3428955078125
2021-10-01,2021-09-30,GOOG,0.0473091638619865,0.04766477651110189,89.0,135.2698516845703
2021-10-01,2021-09-30,NDAQ,0.0420471545210928,0.04190836206875529,175.0,60.48617172241211
2021-10-01,2021-09-30,CROX,0.0389091282372874,0.03911325299632135,70.0,141.1300048828125
2021-10-01,2021-09-30,DKS,0.0323758551873444,0.03284265995117222,76.0,109.14860534667969
2021-10-01,2021-09-30,AMD,0.0294751710869886,0.029610200659703725,73.0,102.44999694824219
2021-10-01,2021-09-30,NVDA,0.0269552453767414,0.02701146087899991,330.0,20.67414665222168
2021-10-01,2021-09-30,NRG,0.0238132666554464,0.0239410935975614,169.0,35.78085708618164
2021-11-01,2021-10-29,TSLA,0.101727475279558,0.10066743020371005,68.0,402.86334228515625
2021-11-01,2021-10-29,DDOG,0.0841494259000639,0.0837744218744909,138.0,165.1999969482422
2021-11-01,2021-10-29,PCTY,0.075781347822728,0.07640076312279163,68.0,305.75
2021-11-01,2021-10-29,NVDA,0.075,0.07501471945521106,793.0,25.742515563964844
2021-11-01,2021-10-29,GOOG,0.0726673817716244,0.07227190670010408,138.0,142.51747131347656
2021-11-01,2021-10-29,SAIA,0.0699443243566802,0.06993313670926785,58.0,328.1199951171875
2021-11-01,2021-10-29,GOOGL,0.0685720145013335,0.06847033019532979,131.0,142.2357635498047
2021-11-01,2021-10-29,GTM,0.06119340044019,0.061042266361906725,243.0,68.36000061035156
2021-11-01,2021-10-29,DXCM,0.0569265197642541,0.05704952755335668,99.0,156.8175048828125
2021-11-01,2021-10-29,BILL,0.049702065911453,0.050668650970064566,46.0,299.75
2021-11-01,2021-10-29,AMD,0.0457759898841842,0.04555813161519932,99.0,125.2300033569336
2021-11-01,2021-10-29,NDAQ,0.0419858084851357,0.042143643246561356,175.0,65.53475952148438
2021-11-01,2021-10-29,WAL,0.0380345199938455,0.038170634046042755,96.0,108.20213317871094
2021-11-01,2021-10-29,RGEN,0.0354296365070337,0.03580278457603235,32.0,304.4700012207031
2021-11-01,2021-10-29,DKS,0.0333259869285474,0.033044217039372666,83.0,108.341552734375
2021-11-01,2021-10-29,JLL,0.0307401005585253,0.031260962026005444,33.0,257.7900085449219
2021-11-01,2021-10-29,GTLS,0.0282264999475731,0.028758230590109533,43.0,182.0
2021-11-01,2021-10-29,CROX,0.0259544732878849,0.026503395022036566,43.0,167.72999572753906
2021-12-01,2021-11-30,NVDA,0.0898822032652621,0.09007350831280539,746.0,31.336000442504883
2021-12-01,2021-11-30,TSLA,0.086197336737019,0.08719653762002808,62.0,365.0
2021-12-01,2021-11-30,AMD,0.0833186748821294,0.08330852796167587,145.0,149.11000061035156
2021-12-01,2021-11-30,LRCX,0.0658807297992321,0.06586271964711944,259.0,65.99715423583984
2021-12-01,2021-11-30,CAR,0.0635961001844609,0.06304925923835669,68.0,240.6336669921875
2021-12-01,2021-11-30,DDOG,0.060253747141378,0.06085986910762196,96.0,164.52999877929688
2021-12-01,2021-11-30,BLDR,0.0589511200767321,0.058983700098543604,218.0,70.22000122070312
2021-12-01,2021-11-30,SAIA,0.0565622763340844,0.05725398529868418,47.0,316.1499938964844
2021-12-01,2021-11-30,FDS,0.0542232003112828,0.05267179908517096,31.0,440.9626159667969
2021-12-01,2021-11-30,ON,0.047957013330418,0.047785475650639134,201.0,61.70000076293945
2021-12-01,2021-11-30,RGEN,0.0469184264633764,0.04693493251603331,44.0,276.8399963378906
2021-12-01,2021-11-30,ANET,0.0465087774188491,0.04653938890955498,398.0,30.34749984741211
2021-12-01,2021-11-30,QCOM,0.0449859861445849,0.04472123085087114,73.0,158.99234008789062
2021-12-01,2021-11-30,NET,0.0436940968796679,0.04365795571952029,69.0,164.2100067138672
2021-12-01,2021-11-30,NDAQ,0.0430783713709857,0.04309878178493638,180.0,62.14093780517578
2021-12-01,2021-11-30,DXCM,0.0378937914734417,0.03803163707256616,72.0,137.08749389648438
2021-12-01,2021-11-30,CROX,0.0346653278345751,0.034488293222260456,55.0,162.74000549316406
2021-12-01,2021-11-30,WAL,0.0318637803211292,0.032178865162213584,85.0,98.25102996826172
2022-01-03,2021-12-31,BLDR,0.1058522837427888,0.10587878758566274,330.0,83.48999786376953
2022-01-03,2021-12-31,LRCX,0.0806217087501628,0.08056171989370706,303.0,69.18716430664062
2022-01-03,2021-12-31,ANET,0.0756240021291829,0.07570631432068163,554.0,35.560001373291016
2022-01-03,2021-12-31,FDS,0.0701907484430522,0.06971647258751397,40.0,453.5392150878906
2022-01-03,2021-12-31,AVGO,0.0658369129001421,0.06587282763058948,280.0,61.219207763671875
2022-01-03,2021-12-31,ON,0.0643261957927271,0.06417841570664588,238.0,70.16999816894531
2022-01-03,2021-12-31,ACLS,0.0616919444391815,0.061659269826523914,209.0,76.7699966430664
2022-01-03,2021-12-31,SAIA,0.054164742596527,0.05443351788106129,45.0,314.7699890136719
2022-01-03,2021-12-31,EXP,0.052685324641872,0.052573305094618085,85.0,160.9480743408203
2022-01-03,2021-12-31,AMD,0.0502119097823926,0.05080761779212664,88.0,150.24000549316406
2022-01-03,2021-12-31,TSLA,0.0477192034929334,0.049180270261589956,32.0,399.9266662597656
2022-01-03,2021-12-31,HIMX,0.0476713899134129,0.047733693809036325,1304.0,9.525480270385742
2022-01-03,2021-12-31,NVDA,0.0448623190828572,0.04500127259655398,390.0,30.026147842407227
2022-01-03,2021-12-31,QCOM,0.0416786129673539,0.04210701625243657,65.0,168.57009887695312
2022-01-03,2021-12-31,STE,0.0412424683390008,0.041144853673992385,46.0,232.7539825439453
2022-01-03,2021-12-31,DDOG,0.0338532513265411,0.03399756131289,54.0,163.8300018310547
2022-01-03,2021-12-31,CAR,0.0311217878728083,0.03174868714064869,43.0,192.1306915283203
2022-01-03,2021-12-31,NET,0.0270679218174916,0.027150028491679426,56.0,126.16000366210938
2022-02-01,2022-01-31,AVGO,0.0425939325801805,0.042690370260852616,174.0,54.7033805847168
2022-02-01,2022-01-31,XOM,0.0364316798966541,0.03630825195572635,117.0,69.19153594970703
2022-02-01,2022-01-31,BKR,0.0353064832484823,0.03535065950661423,318.0,24.78585433959961
2022-02-01,2022-01-31,BLDR,0.0347426004769469,0.034898558985797946,111.0,70.0999984741211
2022-02-01,2022-01-31,HIG,0.033725862273455,0.033578399390780785,113.0,66.25444793701172
2022-02-01,2022-01-31,LRCX,0.032835308534481,0.033030222778631206,131.0,56.21778106689453
2022-02-01,2022-01-31,QCOM,0.0313595097244909,0.031643814201980223,44.0,160.35025024414062
2022-02-01,2022-01-31,ANET,0.0281151439039096,0.028292654310464908,203.0,31.075000762939453
2022-02-01,2022-01-31,LNG,0.0266705427428855,0.026650905332093553,54.0,110.040283203125
2022-02-01,2022-01-31,ON,0.0252500883451226,0.02541561199526036,95.0,59.650001525878906
2022-02-01,2022-01-31,NI,0.0248717824437564,0.024894763464006698,223.0,24.89067268371582
2022-02-01,2022-01-31,MET,0.024174126973775,0.02397034579784385,90.0,59.38343048095703
2022-02-01,2022-01-31,FANG,0.0235124475744625,0.02338425447833979,49.0,106.40473175048828
2022-02-01,2022-01-31,ACLS,0.0220087595046826,0.02213395117700695,78.0,63.27000045776367
2022-02-01,2022-01-31,VIRT,0.0219593181263995,0.021909018584174586,188.0,25.98355484008789
2022-02-01,2022-01-31,ADM,0.0201330244860654,0.019939851809999194,67.0,66.35606384277344
2022-02-01,2022-01-31,CAR,0.0179228186160924,0.018305398056591454,24.0,170.05970764160156
2022-02-01,2022-01-31,EXP,0.0166385008365945,0.01676117340160935,26.0,143.7356719970703
2022-03-01,2022-02-28,MOS,0.0495366857555365,0.04941395642192086,238.0,46.2274169921875
2022-03-01,2022-02-28,FANG,0.0487618285195562,0.0487127549816207,97.0,111.81444549560547
2022-03-01,2022-02-28,FCX,0.0417895120967517,0.04169686214976361,206.0,45.06746292114258
2022-03-01,2022-02-28,NUE,0.0389067484425193,0.03855395985448731,70.0,122.63033294677734
2022-03-01,2022-02-28,LNG,0.0369347374117165,0.036741847186679555,66.0,123.94927978515625
2022-03-01,2022-02-28,XOM,0.033367317660334,0.03354505653717947,109.0,68.52183532714844
2022-03-01,2022-02-28,STLD,0.0325865523763743,0.03243863764776858,107.0,67.50031280517578
2022-03-01,2022-02-28,AVGO,0.0308135349639522,0.030958162891390313,131.0,52.617576599121094
2022-03-01,2022-02-28,BLDR,0.0249945582414644,0.025262946769254654,77.0,73.05000305175781
2022-03-01,2022-02-28,ACLS,0.0229552453487586,0.023369992917952057,78.0,66.70999908447266
2022-03-01,2022-02-28,MET,0.0214917043362867,0.021605366674780614,85.0,56.59390640258789
2022-03-01,2022-02-28,ADM,0.0199291765905615,0.020108842540097274,65.0,68.88119506835938
2022-03-01,2022-02-28,ON,0.0189528499185098,0.019021372530287378,71.0,59.650001525878906
2022-03-01,2022-02-28,NI,0.0178988753790878,0.017918472893762666,160.0,24.934919357299805
2022-03-01,2022-02-28,QCOM,0.016999302324945,0.017303984283420108,26.0,148.18345642089844
2022-03-01,2022-02-28,ANET,0.0153184786311768,0.015353633104800595,116.0,29.469999313354492
2022-03-01,2022-02-28,BKR,0.0140351551960143,0.014092227283212189,122.0,25.71856689453125
2022-03-01,2022-02-28,HIG,0.0129805591043153,0.013240368519707174,48.0,61.416603088378906
2022-04-01,2022-03-31,MOS,0.0920329940498112,0.09204528170467652,365.0,58.841552734375
2022-04-01,2022-03-31,STLD,0.0858094288349042,0.08585652136503867,251.0,79.8132553100586
2022-04-01,2022-03-31,RGLD,0.0657856182447529,0.0656600737943978,110.0,139.2785186767578
2022-04-01,2022-03-31,FCX,0.0620585246654403,0.06204371256627335,302.0,47.93649673461914
2022-04-01,2022-03-31,FANG,0.0574462439504065,0.057463956102939424,118.0,113.62894439697266
2022-04-01,2022-03-31,XOM,0.0499863892670258,0.04994746063223578,162.0,71.94056701660156
2022-04-01,2022-03-31,SQM,0.0485682448979978,0.04844001422578761,152.0,74.35944366455078
2022-04-01,2022-03-31,ANET,0.0479802866450994,0.047971302307884434,321.0,34.869998931884766
2022-04-01,2022-03-31,OKE,0.0428429465996245,0.042876510717249294,176.0,56.843685150146484
2022-04-01,2022-03-31,BKR,0.0423394669275289,0.04235283857667849,299.0,33.05116653442383
2022-04-01,2022-03-31,AES,0.0379424999419136,0.03794865858485006,403.0,21.971860885620117
2022-04-01,2022-03-31,MET,0.0367369403487916,0.036619032908563616,138.0,61.91604995727539
2022-04-01,2022-03-31,SRE,0.0360434505524271,0.03581060995099738,112.0,74.60520935058594
2022-04-01,2022-03-31,ADM,0.0337652446128881,0.033474182750008546,97.0,80.52184295654297
2022-04-01,2022-03-31,NI,0.03210500214932,0.03206839203672139,268.0,27.920156478881836
2022-04-01,2022-03-31,LNG,0.0298682364123503,0.030374257099676675,52.0,136.29432678222656
2022-04-01,2022-03-31,HIG,0.0264865597419941,0.02641918192595785,92.0,67.00496673583984
2022-04-01,2022-03-31,ACLS,0.0196989847558064,0.019931847490332853,65.0,71.55000305175781
2022-05-02,2022-04-29,STLD,0.0374678763410427,0.03764887878127929,103.0,78.53610229492188
2022-05-02,2022-04-29,VLO,0.0322131453813624,0.032027350003809185,67.0,102.70716094970703
2022-05-02,2022-04-29,MOS,0.0318127599520978,0.03190551281301917,123.0,55.73334884643555
2022-05-02,2022-04-29,RGLD,0.0288282673577107,0.029442696066036514,51.0,124.04004669189453
2022-05-02,2022-04-29,FANG,0.0253375989914602,0.025814216069669434,53.0,104.64960479736328
2022-05-02,2022-04-29,XOM,0.0240109253166779,0.024365539149317748,70.0,74.78810119628906
2022-05-02,2022-04-29,FCX,0.0220202758729794,0.022057775502730987,125.0,37.91457748413086
2022-05-02,2022-04-29,ADM,0.0194949580478183,0.019824447137651295,54.0,78.87908172607422
2022-05-02,2022-04-29,SRE,0.0182524597593175,0.018551070947413772,57.0,69.92760467529297
2022-05-02,2022-04-29,BKR,0.0164964700369048,0.01658040503564204,127.0,28.050844192504883
2022-05-02,2022-04-29,LNG,0.0152581960526851,0.01579179772821195,26.0,130.50067138671875
2022-05-02,2022-04-29,SQM,0.014024019470947,0.01425994312668437,50.0,61.277679443359375
2022-05-02,2022-04-29,OKE,0.0122513107759333,0.012475503254823979,52.0,51.54769515991211
2022-05-02,2022-04-29,NI,0.0115794036504772,0.011611878801529724,99.0,25.201234817504883
2022-05-02,2022-04-29,ANET,0.0109005148143844,0.011008125111415072,80.0,29.565000534057617
2022-05-02,2022-04-29,MET,0.0102558771979227,0.010273239394372446,38.0,58.086917877197266
2022-05-02,2022-04-29,HIG,0.0097204491844011,0.009945046449680027,33.0,64.75113677978516
2022-05-02,2022-04-29,AES,0.0086597814529526,0.008742485315959584,108.0,17.39264678955078
2022-06-01,2022-05-31,VLO,0.0526368806965115,0.05218792667778346,97.0,117.7103271484375
2022-06-01,2022-05-31,SQM,0.042582205903587,0.042493245645580574,110.0,84.51688385009766
2022-06-01,2022-05-31,FANG,0.0395854614408042,0.03935396442989633,67.0,128.5079345703125
2022-06-01,2022-05-31,BKR,0.036431036670206,0.03633177081881768,233.0,34.11511993408203
2022-06-01,2022-05-31,XOM,0.0343839968864506,0.034018387911429526,87.0,85.54817199707031
2022-06-01,2022-05-31,NI,0.0299078273201282,0.029905147724105095,238.0,27.490665435791016
2022-06-01,2022-05-31,UTHR,0.0284976323902954,0.027486151379808286,26.0,231.2899932861328
2022-06-01,2022-05-31,MOS,0.0273442594329073,0.02737942319747806,114.0,52.5455207824707
2022-06-01,2022-05-31,DVN,0.0257915833164366,0.025608751798789266,89.0,62.95274353027344
2022-06-01,2022-05-31,STLD,0.0254331639291385,0.025590188726189643,71.0,78.85539245605469
2022-06-01,2022-05-31,AES,0.0243841698254086,0.024317671694172677,288.0,18.47335433959961
2022-06-01,2022-05-31,EXE,0.0229244351612259,0.02271612437119899,59.0,84.23614501953125
2022-06-01,2022-05-31,ADM,0.021963526403735,0.021792302371251467,62.0,76.90023803710938
2022-06-01,2022-05-31,LNG,0.0199836212904064,0.019682862150944773,32.0,134.5719451904297
2022-06-01,2022-05-31,HIG,0.0189586658668896,0.018757652743316127,62.0,66.1916275024414
2022-06-01,2022-05-31,MET,0.0180919196515971,0.01806196729778611,67.0,58.9802360534668
2022-06-01,2022-05-31,SRE,0.0163979181500159,0.01669464524242924,51.0,71.61817932128906
2022-06-01,2022-05-31,OKE,0.0128106299565671,0.012823327757201035,52.0,53.9527587890625
2022-07-01,2022-06-30,UTHR,0.0348790207851562,0.03381692896139465,29.0,238.0
2022-07-01,2022-06-30,VLO,0.0302208697462537,0.03053870985073092,65.0,95.89105987548828
2022-07-01,2022-06-30,LNG,0.02625,0.026103959390976577,42.0,126.85216522216797
2022-07-01,2022-06-30,XOM,0.0244721400923826,0.024754470362301995,66.0,76.55093383789062
2022-07-01,2022-06-30,FANG,0.0212445176202268,0.021464314010556325,43.0,101.88009643554688
2022-07-01,2022-06-30,NI,0.020915198990391,0.021051230775316516,163.0,26.359106063842773
2022-07-01,2022-06-30,GIS,0.0204822500333586,0.020354637625155544,64.0,64.91188049316406
2022-07-01,2022-06-30,LI,0.019336286847573,0.0192102894458221,104.0,37.70000076293945
2022-07-01,2022-06-30,POST,0.0183839321341808,0.01818862838765123,44.0,84.37000274658203
2022-07-01,2022-06-30,HII,0.0174950782410268,0.01690619964917656,17.0,202.97280883789062
2022-07-01,2022-06-30,ADM,0.0173905026884109,0.017605331959641604,53.0,67.79679107666016
2022-07-01,2022-06-30,EXE,0.0164585724631693,0.01676518323470409,49.0,69.8317642211914
2022-07-01,2022-06-30,SRE,0.0148022569576935,0.014828673186551313,45.0,67.25592803955078
2022-07-01,2022-06-30,MET,0.0134275185039705,0.013526938318143968,49.0,56.34355163574219
2022-07-01,2022-06-30,DVN,0.0132491770720463,0.013330658975376941,59.0,46.11480712890625
2022-07-01,2022-06-30,HIG,0.0116459416534276,0.011753833969004791,39.0,61.511417388916016
2022-07-01,2022-06-30,SQM,0.0108640008149093,0.011096250390520522,31.0,73.055908203125
2022-07-01,2022-06-30,AES,0.0095625709553874,0.009596562488738924,108.0,18.13563346862793
2022-08-01,2022-07-29,ENPH,0.1149409709541041,0.11445400127816528,84.0,280.8900146484375
2022-08-01,2022-07-29,CELH,0.081578997618813,0.08169201372876479,511.0,32.956668853759766
2022-08-01,2022-07-29,FSLR,0.0706734398711236,0.07046081635622443,146.0,99.48999786376953
2022-08-01,2022-07-29,XOM,0.0650655844194814,0.06491793214743774,162.0,82.61031341552734
2022-08-01,2022-07-29,FANG,0.0556578651333125,0.055447853528718345,108.0,105.8389663696289
2022-08-01,2022-07-29,EXE,0.0519607296899553,0.051725698378075856,140.0,76.16631317138672
2022-08-01,2022-07-29,UTHR,0.0497992917216623,0.049180065707894884,45.0,225.3000030517578
2022-08-01,2022-07-29,SQM,0.0464470358812543,0.04636848115154284,113.0,84.59194946289062
2022-08-01,2022-07-29,LNG,0.0427670958635404,0.042493676084718664,62.0,141.29188537597656
2022-08-01,2022-07-29,BLDR,0.0405613273022731,0.04055656162811325,114.0,73.33999633789062
2022-08-01,2022-07-29,POST,0.0384089362259685,0.038121160970667416,89.0,88.30000305175781
2022-08-01,2022-07-29,NI,0.0338727879905741,0.03383659055406266,260.0,26.828590393066406
2022-08-01,2022-07-29,DVN,0.0309969260221731,0.030989622142334892,124.0,51.5203971862793
2022-08-01,2022-07-29,SRE,0.0291912423957173,0.029035852745724417,82.0,72.99705505371094
2022-08-01,2022-07-29,HII,0.0267324082615523,0.026184367775224007,27.0,199.92308044433594
2022-08-01,2022-07-29,GIS,0.0254537678517976,0.02533969482447746,80.0,65.29741668701172
2022-08-01,2022-07-29,AES,0.0226202366282863,0.022596571467720462,245.0,19.013456344604492
2022-08-01,2022-07-29,LI,0.0205452065357186,0.020511217410580006,124.0,34.099998474121094
2022-09-01,2022-08-31,FSLR,0.0580774300112022,0.058509169899665786,97.0,127.83999633789062
2022-09-01,2022-08-31,POST,0.0376665920814444,0.037581251016139954,90.0,88.5
2022-09-01,2022-08-31,GIS,0.0362581734711889,0.03611400321050706,115.0,66.5567855834961
2022-09-01,2022-08-31,CELH,0.0347012855699598,0.03478859815067264,223.0,33.063331604003906
2022-09-01,2022-08-31,LNG,0.0334561734038411,0.03349322541345684,47.0,151.03363037109375
2022-09-01,2022-08-31,AES,0.0311884476289863,0.031217763529986585,301.0,21.981121063232422
2022-09-01,2022-08-31,DKS,0.0289129581815585,0.028491964938036036,61.0,98.99359893798828
2022-09-01,2022-08-31,ENPH,0.0285708498233811,0.02925779271059099,22.0,281.8599853515625
2022-09-01,2022-08-31,XOM,0.0274040231038274,0.02776286392029208,71.0,82.8744125366211
2022-09-01,2022-08-31,ANET,0.0258094620396099,0.025731337339400688,186.0,29.31999969482422
2022-09-01,2022-08-31,BJ,0.0249953439337622,0.024950743356011378,71.0,74.4800033569336
2022-09-01,2022-08-31,UTHR,0.0248728292201003,0.025599980994266105,24.0,226.07000732421875
2022-09-01,2022-08-31,MCK,0.0229062604697303,0.02194241017497851,13.0,357.7301330566406
2022-09-01,2022-08-31,EXE,0.0213839213941906,0.021558964223748898,54.0,84.6152572631836
2022-09-01,2022-08-31,HII,0.0176829827754513,0.017834952259284116,18.0,209.9974365234375
2022-09-01,2022-08-31,SRE,0.0167028344494741,0.016796182923800414,48.0,74.16242218017578
2022-09-01,2022-08-31,SQM,0.0149934908542629,0.015105062251461462,38.0,84.24681091308594
2022-09-01,2022-08-31,LI,0.0126499953504538,0.012769132232815686,97.0,27.899999618530273
2022-10-03,2022-09-30,BIIB,0.0459192062530607,0.04522137369683724,36.0,264.29998779296875
2022-10-03,2022-09-30,FSLR,0.0334196687893897,0.0337646083184084,52.0,136.6199951171875
2022-10-03,2022-09-30,DKS,0.0318026912304,0.03147858623724071,66.0,100.35226440429688
2022-10-03,2022-09-30,LNG,0.0302103977908433,0.030650958722535288,40.0,161.22781372070312
2022-10-03,2022-09-30,ANET,0.0264862388838259,0.026424477437410936,192.0,28.957500457763672
2022-10-03,2022-09-30,WFRD,0.0256096816312776,0.02556333075874244,164.0,32.79664993286133
2022-10-03,2022-09-30,CHRD,0.0240983345260034,0.023645084104465492,44.0,113.06913757324219
2022-10-03,2022-09-30,XOM,0.0189642901523153,0.01928491959026929,50.0,81.15283966064453
2022-10-03,2022-09-30,MCK,0.018339204398161,0.019444033636345514,12.0,340.92669677734375
2022-10-03,2022-09-30,ENPH,0.0156465561294597,0.016346194793093186,12.0,286.6099853515625
2022-10-03,2022-09-30,BJ,0.0147288598280179,0.014955163158846343,42.0,74.91999816894531
2022-10-03,2022-09-30,POST,0.0141661275540383,0.014370576071192413,36.0,83.98999786376953
2022-10-03,2022-09-30,CELH,0.0131879688533956,0.013295380240449123,92.0,30.406667709350586
2022-10-03,2022-09-30,EXE,0.0122954844701933,0.012582525833157037,31.0,85.40081787109375
2022-10-03,2022-09-30,HII,0.0076687448297639,0.007970465997288073,8.0,209.62815856933594
2022-10-03,2022-09-30,SQM,0.0068220029136287,0.0069636555370024686,18.0,81.39929962158203
2022-10-03,2022-09-30,SRE,0.0052024530887304,0.005243024725092562,16.0,68.9473876953125
2022-10-03,2022-09-30,AES,0.0047546643489919,0.004760786308994919,50.0,20.033857345581055
2022-11-01,2022-10-31,FSLR,0.0663000477067743,0.06582224670235841,96.0,148.57000732421875
2022-11-01,2022-10-31,WFRD,0.0630326669960489,0.06300729177334514,338.0,40.392784118652344
2022-11-01,2022-10-31,XOM,0.0583841198629831,0.05836371383673111,128.0,98.8012924194336
2022-11-01,2022-10-31,DKS,0.051781374460961,0.05170173070519507,106.0,105.68878173828125
2022-11-01,2022-10-31,CHRD,0.0485091047882937,0.04827795762558203,86.0,121.64103698730469
2022-11-01,2022-10-31,LNG,0.04598819142706,0.04558750807977909,57.0,173.30084228515625
2022-11-01,2022-10-31,POST,0.0432328712736535,0.042958684178816126,102.0,91.26000213623047
2022-11-01,2022-10-31,ANET,0.0402902796968793,0.040225169391093586,273.0,31.927499771118164
2022-11-01,2022-10-31,MCK,0.038313101420871,0.038138098147783496,22.0,375.6349792480469
2022-11-01,2022-10-31,GILD,0.0377641897463552,0.037768366918480296,117.0,69.94747161865234
2022-11-01,2022-10-31,BIIB,0.0352192314007847,0.03618665481531865,28.0,280.0400085449219
2022-11-01,2022-10-31,BJ,0.0302032849148988,0.030171482551760543,84.0,77.83000183105469
2022-11-01,2022-10-31,HII,0.0277477119009582,0.027355444154666068,25.0,237.1010284423828
2022-11-01,2022-10-31,ENPH,0.0259278793032856,0.024877725390953273,18.0,299.4800109863281
2022-11-01,2022-10-31,AES,0.0235427684208353,0.023500917674885477,226.0,22.53232765197754
2022-11-01,2022-10-31,EXE,0.0218334536018865,0.021678224746672078,53.0,88.62934112548828
2022-11-01,2022-10-31,CELH,0.0201675779514407,0.020060787279913565,144.0,30.18666648864746
2022-11-01,2022-10-31,SQM,0.0186588169716325,0.018655891836880985,49.0,82.49917602539062
2022-12-01,2022-11-30,FSLR,0.1021603749736027,0.10168368186723362,134.0,168.5399932861328
2022-12-01,2022-11-30,DKS,0.0827532756434374,0.08267232521725479,171.0,107.3792953491211
2022-12-01,2022-11-30,CELH,0.076809903192851,0.07674237000927485,451.0,37.793331146240234
2022-12-01,2022-11-30,ANET,0.0709136712024941,0.07095860606140257,451.0,34.94499969482422
2022-12-01,2022-11-30,BIIB,0.0643216665235801,0.06387523919658321,47.0,301.8500061035156
2022-12-01,2022-11-30,AXON,0.0630687101181712,0.06265644089218461,75.0,185.5500030517578
2022-12-01,2022-11-30,GILD,0.0592934881677738,0.059314532178457724,170.0,77.49411010742188
2022-12-01,2022-11-30,LVS,0.0586134523164615,0.05861593652530859,294.0,44.281761169433594
2022-12-01,2022-11-30,LNG,0.0547321350205989,0.054189996293008115,71.0,169.51856994628906
2022-12-01,2022-11-30,HLT,0.0526160670751772,0.05264902942831432,83.0,140.8863067626953
2022-12-01,2022-11-30,POST,0.0495297262831441,0.04956473698476016,117.0,94.08999633789062
2022-12-01,2022-11-30,WFRD,0.0468819659140208,0.047040472967857176,247.0,42.299110412597656
2022-12-01,2022-11-30,XOM,0.0424770859005164,0.04262166504118903,96.0,98.60880279541016
2022-12-01,2022-11-30,MCK,0.0400100763801832,0.03871743847168317,23.0,373.88262939453125
2022-12-01,2022-11-30,ENPH,0.0372451645049902,0.03675754424005469,26.0,314.0
2022-12-01,2022-11-30,AES,0.0342001513010879,0.034180368910176666,309.0,24.568281173706055
2022-12-01,2022-11-30,CHRD,0.031116211011941,0.03144145377162459,59.0,118.36058807373047
2022-12-01,2022-11-30,EXE,0.0289645315883768,0.028684721926950107,70.0,91.01419067382812
2023-01-03,2022-12-30,DKS,0.05,0.050544791468262226,94.0,110.63107299804688
2023-01-03,2022-12-30,AGCO,0.0478038435254639,0.04765347115481145,79.0,124.10692596435547
2023-01-03,2022-12-30,WFRD,0.0448660787449845,0.045073871335656934,197.0,47.07466125488281
2023-01-03,2022-12-30,AVGO,0.0393374888083587,0.03920820171824764,153.0,52.724693298339844
2023-01-03,2022-12-30,XOM,0.0300071050768838,0.030407561877628747,66.0,94.79080963134766
2023-01-03,2022-12-30,LVS,0.0298986244515277,0.030114720462584624,133.0,46.586036682128906
2023-01-03,2022-12-30,CB,0.028400105054982,0.027759538203332487,27.0,211.532470703125
2023-01-03,2022-12-30,STT,0.0255849289684137,0.025548540003620872,75.0,70.08634185791016
2023-01-03,2022-12-30,AXON,0.0252292886996689,0.025349091476764483,31.0,168.24000549316406
2023-01-03,2022-12-30,NKE,0.0235346595177099,0.023380396752763065,43.0,111.86957550048828
2023-01-03,2022-12-30,ITT,0.021652419671515,0.02155262585121055,56.0,79.18460083007812
2023-01-03,2022-12-30,GILD,0.0214316660258068,0.021766934414135485,59.0,75.90560150146484
2023-01-03,2022-12-30,FSLR,0.0201516480882011,0.020570449316890674,29.0,145.94000244140625
2023-01-03,2022-12-30,TPR,0.0199696724008905,0.01990222625374449,115.0,35.606754302978516
2023-01-03,2022-12-30,CELH,0.0179480934491158,0.018067979079585322,111.0,33.4900016784668
2023-01-03,2022-12-30,POST,0.0139269027640571,0.013991711819275165,32.0,89.95999908447266
2023-01-03,2022-12-30,MCK,0.0129424196874636,0.014331375719653762,8.0,368.57550048828125
2023-01-03,2022-12-30,AES,0.0116773757833844,0.01180440064002026,101.0,24.046459197998047
2023-02-01,2023-01-31,LVS,0.0858690224135812,0.08587120003509958,332.0,55.64259719848633
2023-02-01,2023-01-31,STT,0.0769195923144402,0.07669321094394407,200.0,82.49447631835938
2023-02-01,2023-01-31,DKS,0.0743344780963109,0.07401444645880689,129.0,123.43113708496094
2023-02-01,2023-01-31,AVGO,0.0700626122535028,0.06992826117877901,262.0,57.418174743652344
2023-02-01,2023-01-31,ACLS,0.0676565016147431,0.06744294846575333,126.0,115.1500015258789
2023-02-01,2023-01-31,ITT,0.0667965478390882,0.06664504423117582,161.0,89.05123138427734
2023-02-01,2023-01-31,FSLR,0.0646556520258844,0.06448029745169384,77.0,180.14999389648438
2023-02-01,2023-01-31,TPR,0.0610287755362962,0.06100672512526623,307.0,42.75011444091797
2023-02-01,2023-01-31,CB,0.0477823725088903,0.047531864118605424,50.0,204.50917053222656
2023-02-01,2023-01-31,WFRD,0.0465428626718064,0.046834955679049016,184.0,54.75833511352539
2023-02-01,2023-01-31,PHM,0.0454132995824407,0.045432041836907106,172.0,56.82399368286133
2023-02-01,2023-01-31,AXON,0.0443958535537056,0.04426526502542978,48.0,198.38999938964844
2023-02-01,2023-01-31,NKE,0.040094808149811,0.03969613715338671,70.0,121.99671936035156
2023-02-01,2023-01-31,HLT,0.0393622038511134,0.03933983296841197,58.0,145.9158477783203
2023-02-01,2023-01-31,BEN,0.0370762481239134,0.037013548812274304,299.0,26.631000518798828
2023-02-01,2023-01-31,AGCO,0.036600648310035,0.03686079198562621,63.0,125.86994934082031
2023-02-01,2023-01-31,GILD,0.0269388530996103,0.02672630232489483,77.0,74.66999053955078
2023-02-01,2023-01-31,CELH,0.017387296620763,0.017276418818621384,111.0,33.483333587646484
2023-03-01,2023-02-28,ACLS,0.1,0.09981111523332874,163.0,132.24000549316406
2023-03-01,2023-02-28,WFRD,0.0909821779004007,0.09080940452432976,295.0,66.4783706665039
2023-03-01,2023-02-28,AVGO,0.0757520004782561,0.07566768756487752,289.0,56.54369354248047
2023-03-01,2023-02-28,DKS,0.0668481463570264,0.06725371040679541,123.0,118.08172607421875
2023-03-01,2023-02-28,BLDR,0.0661101233479297,0.0659206250120696,166.0,85.76000213623047
2023-03-01,2023-02-28,HLT,0.0609391109198522,0.06076408255239263,91.0,144.2039337158203
2023-03-01,2023-02-28,PRI,0.0578972823436928,0.05741773858604521,68.0,182.3512420654297
2023-03-01,2023-02-28,STLD,0.0561514400004842,0.05575336725613808,98.0,122.8617172241211
2023-03-01,2023-02-28,AGCO,0.0558635703324025,0.05549201562542721,93.0,128.86029052734375
2023-03-01,2023-02-28,AXON,0.0526741183151657,0.05220460116373989,51.0,221.05999755859375
2023-03-01,2023-02-28,TPR,0.0500228838707307,0.050135142631373315,273.0,39.65985870361328
2023-03-01,2023-02-28,PHM,0.0474739019541025,0.04735995428965802,194.0,52.7206916809082
2023-03-01,2023-02-28,ITT,0.0445416274540399,0.044902505024864536,109.0,88.96427154541016
2023-03-01,2023-02-28,STT,0.0407644387912407,0.041128260934030554,111.0,80.01822662353516
2023-03-01,2023-02-28,BEN,0.0365378669426907,0.0365460814888426,326.0,24.209999084472656
2023-03-01,2023-02-28,NKE,0.032958229172846,0.03310536128858822,64.0,111.7094497680664
2023-03-01,2023-02-28,FSLR,0.0307514978486372,0.030807310492422704,34.0,195.67999267578125
2023-03-01,2023-02-28,LVS,0.0289616342350119,0.02919800442462068,114.0,55.31206512451172
2023-04-03,2023-03-31,ACLS,0.0845960267327436,0.08489384422561173,137.0,132.4199981689453
2023-04-03,2023-03-31,AVGO,0.0786813915301257,0.07903734396008281,274.0,61.642425537109375
2023-04-03,2023-03-31,FSLR,0.0733590004312004,0.07317261224932937,75.0,208.49000549316406
2023-04-03,2023-03-31,BLDR,0.0657680918022735,0.06623928385909235,157.0,90.16000366210938
2023-04-03,2023-03-31,STLD,0.0625165970424985,0.062220825183192066,123.0,108.10072326660156
2023-04-03,2023-03-31,FTAI,0.0603362675561339,0.06039780403534108,491.0,26.286792755126953
2023-04-03,2023-03-31,DKS,0.0574568951343046,0.057898978842524255,91.0,135.96510314941406
2023-04-03,2023-03-31,ALGM,0.0552846644087544,0.05531866725100485,247.0,47.86000061035156
2023-04-03,2023-03-31,STM,0.0526720586058524,0.05251793973800379,219.0,51.24618148803711
2023-04-03,2023-03-31,AXON,0.0525816136843289,0.05320389408389662,50.0,227.38999938964844
2023-04-03,2023-03-31,LRCX,0.0523213346577773,0.05235856914398645,221.0,50.62831115722656
2023-04-03,2023-03-31,HLT,0.0499887735449066,0.05048971097419258,78.0,138.32676696777344
2023-04-03,2023-03-31,LSCC,0.0493743558355935,0.049132703247556156,110.0,95.44999694824219
2023-04-03,2023-03-31,TPR,0.0459404832296703,0.04614810172112603,249.0,39.605220794677734
2023-04-03,2023-03-31,ELF,0.0456199361766981,0.04560167383487971,117.0,83.29000091552734
2023-04-03,2023-03-31,PHM,0.0418095988902964,0.04199946591290452,156.0,57.53301239013672
2023-04-03,2023-03-31,PRI,0.0315058953809065,0.032120961766275824,42.0,163.43203735351562
2023-04-03,2023-03-31,LVS,0.0291447687077813,0.029582689310837167,114.0,55.45372772216797
2023-05-01,2023-04-28,ELF,0.0924312077477048,0.0921586312939497,204.0,92.72000122070312
2023-05-01,2023-04-28,AVGO,0.075,0.07515301858276408,252.0,61.208744049072266
2023-05-01,2023-04-28,PHM,0.0727058479014619,0.07250690529935774,232.0,64.1444320678711
2023-05-01,2023-04-28,LRCX,0.064668847592188,0.06466870102659059,261.0,50.85354232788086
2023-05-01,2023-04-28,CHDN,0.0630386966295059,0.06255856421201612,87.0,147.58258056640625
2023-05-01,2023-04-28,BLDR,0.0628508325064139,0.06310238533669768,138.0,93.8499984741211
2023-05-01,2023-04-28,ACLS,0.0556844574593004,0.05577481357741373,93.0,123.08999633789062
2023-05-01,2023-04-28,SSD,0.0548156305031412,0.05461487195894885,91.0,123.17912292480469
2023-05-01,2023-04-28,BLD,0.0524698146974479,0.051935409980706206,48.0,222.07000732421875
2023-05-01,2023-04-28,DKS,0.0472338400875561,0.04785811596448051,75.0,130.96701049804688
2023-05-01,2023-04-28,CXT,0.0467811640769016,0.046767777328992136,209.0,45.92699432373047
2023-05-01,2023-04-28,LVS,0.039455594589105,0.03939380607161884,132.0,61.2521858215332
2023-05-01,2023-04-28,ORLY,0.0376139344677051,0.03744199216087418,124.0,61.973331451416016
2023-05-01,2023-04-28,BYD,0.0364000963990282,0.036309839560191966,108.0,69.0030288696289
2023-05-01,2023-04-28,FTAI,0.0314048277318201,0.031571086150337664,245.0,26.44788932800293
2023-05-01,2023-04-28,PRI,0.0233163841081757,0.02396596669333335,28.0,175.67279052734375
2023-05-01,2023-04-28,AXON,0.0203060350413805,0.021048258405464537,20.0,216.0
2023-05-01,2023-04-28,LSCC,0.0191760935126512,0.019490882029025252,49.0,81.63999938964844
2023-06-01,2023-05-31,AVGO,0.1143454361548137,0.11427248291692989,326.0,75.79253387451172
2023-06-01,2023-05-31,BLDR,0.0848303772289142,0.08466194676536462,158.0,115.86000061035156
2023-06-01,2023-05-31,ACLS,0.0793283280314326,0.07871239895218227,105.0,162.08999633789062
2023-06-01,2023-05-31,ELF,0.071481021857562,0.07193880001413833,146.0,106.54000091552734
2023-06-01,2023-05-31,ENTG,0.0627430441587757,0.06278955153495477,125.0,108.61248016357422
2023-06-01,2023-05-31,NOW,0.0582109956030134,0.05825771811238053,116.0,108.59200286865234
2023-06-01,2023-05-31,CXT,0.0557908165972023,0.0558584641311059,233.0,51.83647155761719
2023-06-01,2023-05-31,GOOG,0.0535877788236749,0.05359556615830904,94.0,123.28305053710938
2023-06-01,2023-05-31,AAPL,0.0498556009611292,0.049282452474680424,60.0,177.60018920898438
2023-06-01,2023-05-31,LRCX,0.0485032675483934,0.048703503554455976,175.0,60.17616653442383
2023-06-01,2023-05-31,GOOGL,0.0449644788517541,0.04480542834975573,79.0,122.6325912475586
2023-06-01,2023-05-31,EXP,0.0439041848551631,0.04382777488627704,59.0,160.62005615234375
2023-06-01,2023-05-31,ONTO,0.0426163515392137,0.04245445580094232,86.0,106.73999786376953
2023-06-01,2023-05-31,ORLY,0.0396273775213387,0.03947310572426595,143.0,59.685333251953125
2023-06-01,2023-05-31,MANH,0.0394727740593866,0.03902346398484032,46.0,183.42999267578125
2023-06-01,2023-05-31,AMZN,0.0385814036166412,0.03860991041396662,68.0,122.7699966430664
2023-06-01,2023-05-31,CHDN,0.0365989664786039,0.03715303839441039,59.0,136.15847778320312
2023-06-01,2023-05-31,PHM,0.0329409345278862,0.03308295596205242,109.0,65.62664031982422
2023-07-03,2023-06-30,BLDR,0.1090139713377774,0.10897392189041194,185.0,136.3300018310547
2023-07-03,2023-06-30,AVGO,0.0933487753666407,0.0935095531804931,256.0,84.53890228271484
2023-07-03,2023-06-30,EXP,0.0837032873124593,0.08307001181232956,105.0,183.10304260253906
2023-07-03,2023-06-30,ACLS,0.0764338199730021,0.07695485508745584,98.0,181.74000549316406
2023-07-03,2023-06-30,LPX,0.0699175514230437,0.06968781483443998,225.0,71.68279266357422
2023-07-03,2023-06-30,CXT,0.0697930969410857,0.06976206135540675,301.0,53.64057159423828
2023-07-03,2023-06-30,AAPL,0.0619521580071556,0.06150563907589347,75.0,189.7991485595703
2023-07-03,2023-06-30,PHM,0.0548719894279519,0.054827399451246386,168.0,75.53164672851562
2023-07-03,2023-06-30,ELF,0.0512001297915258,0.051379150799626676,105.0,113.25
2023-07-03,2023-06-30,ENTG,0.0481913911147441,0.048415837052457104,103.0,108.79045867919922
2023-07-03,2023-06-30,ORLY,0.0455486000827699,0.045558697499603805,167.0,63.138668060302734
2023-07-03,2023-06-30,NOW,0.0432718191524184,0.043776396545270456,90.0,112.5739974975586
2023-07-03,2023-06-30,MANH,0.0409362838630295,0.04085911055662077,48.0,197.00999450683594
2023-07-03,2023-06-30,ONTO,0.0370819427640401,0.0374900919674941,75.0,115.69000244140625
2023-07-03,2023-06-30,AMZN,0.0326978683031449,0.03319625705547512,59.0,130.22000122070312
2023-07-03,2023-06-30,LRCX,0.0283452314742484,0.028476942981356054,104.0,63.372467041015625
2023-07-03,2023-06-30,GOOG,0.0265010285418312,0.02685058359740483,52.0,119.50634765625
2023-07-03,2023-06-30,GOOGL,0.023404548407611,0.02362122719537576,46.0,118.84617614746094
2023-08-01,2023-07-31,ACLS,0.1127568869742127,0.11229158035109425,138.0,196.2100067138672
2023-08-01,2023-07-31,BLDR,0.0947223092603608,0.0949465612356782,156.0,146.75999450683594
2023-08-01,2023-07-31,AVGO,0.0848578884849922,0.08501217191360816,231.0,88.74056243896484
2023-08-01,2023-07-31,ON,0.0812716044714912,0.08113552149990091,181.0,108.08999633789062
2023-08-01,2023-07-31,ONTO,0.0723757515712853,0.07204635636897622,141.0,123.20999908447266
2023-08-01,2023-07-31,LRCX,0.067293261003249,0.06734129841392893,233.0,69.6913070678711
2023-08-01,2023-07-31,GOOGL,0.0588178906735311,0.058401983551539575,108.0,130.39378356933594
2023-08-01,2023-07-31,CARR,0.0551788614473615,0.055196210803323674,231.0,57.61695861816406
2023-08-01,2023-07-31,EXP,0.0539508863812433,0.05439891690698105,71.0,184.75021362304688
2023-08-01,2023-07-31,LPX,0.046692530518373,0.04691619082045482,154.0,73.46070098876953
2023-08-01,2023-07-31,AAPL,0.0442020631752837,0.04480019167892394,56.0,192.90562438964844
2023-08-01,2023-07-31,ENTG,0.0415733632425943,0.04198376041645264,95.0,106.5640640258789
2023-08-01,2023-07-31,GOOG,0.0385354725370154,0.03849504942338201,71.0,130.73731994628906
2023-08-01,2023-07-31,NOW,0.0352340000614489,0.035746935304391596,73.0,118.0780029296875
2023-08-01,2023-07-31,ELF,0.0321601552323288,0.032370371453495715,67.0,116.5
2023-08-01,2023-07-31,AMZN,0.0296267289478284,0.03003740775936254,55.0,131.69000244140625
2023-08-01,2023-07-31,PHM,0.0247858035151656,0.025035050050226125,73.0,82.69488525390625
2023-08-01,2023-07-31,MANH,0.0225765621910501,0.023041873179003358,29.0,191.58999633789062
2023-09-01,2023-08-31,BLDR,0.0970167634705661,0.09677130460513848,156.0,148.74000549316406
2023-09-01,2023-08-31,AVGO,0.0885086675725885,0.08845136634371388,252.0,84.1607894897461
2023-09-01,2023-08-31,ONTO,0.0817252194071324,0.08157420263893043,143.0,136.77999877929688
2023-09-01,2023-08-31,EXP,0.0734353331818079,0.07291283586579972,91.0,192.11814880371094
2023-09-01,2023-08-31,LRCX,0.0652491619386342,0.06554817839511295,230.0,68.33427429199219
2023-09-01,2023-08-31,BLD,0.061808758592101,0.061841039082068276,50.0,296.55999755859375
2023-09-01,2023-08-31,AMZN,0.0554706818014633,0.0552996002354949,96.0,138.1199951171875
2023-09-01,2023-08-31,ANET,0.0534859172721882,0.05350159122907816,260.0,49.34000015258789
2023-09-01,2023-08-31,GOOG,0.0522749559833928,0.05203023833099582,92.0,135.60440063476562
2023-09-01,2023-08-31,WMS,0.0508197667400764,0.05047124560583585,94.0,128.7425079345703
2023-09-01,2023-08-31,ACLS,0.0487390923252925,0.04907454179532109,61.0,192.89999389648438
2023-09-01,2023-08-31,MELI,0.0484748810036739,0.04743226135973294,8.0,1421.6400146484375
2023-09-01,2023-08-31,ELF,0.0464879148410241,0.0462705522478862,81.0,136.97000122070312
2023-09-01,2023-08-31,CARR,0.0421125223535568,0.042373392123410764,182.0,55.824859619140625
2023-09-01,2023-08-31,MANH,0.0379145509176482,0.03776023495858346,45.0,201.1999969482422
2023-09-01,2023-08-31,GOOGL,0.0355738503189248,0.03589153213673521,64.0,134.4676513671875
2023-09-01,2023-08-31,ON,0.030108589638865,0.030262406148493834,73.0,99.4000015258789
2023-09-01,2023-08-31,PHM,0.0270923020759707,0.02694186056104895,80.0,80.75016021728516
2023-10-02,2023-09-29,DINO,0.0639954223647874,0.06406694616732961,275.0,50.29447937011719
2023-10-02,2023-09-29,ANET,0.063134384620998,0.06307216318136287,290.0,46.95249938964844
2023-10-02,2023-09-29,LRCX,0.0574198652739259,0.05763895463108929,202.0,61.600425720214844
2023-10-02,2023-09-29,FANG,0.0566777138530523,0.05640909061696069,90.0,135.30865478515625
2023-10-02,2023-09-29,CCC,0.0542181902373806,0.05424551716923731,905.0,12.9399995803833
2023-10-02,2023-09-29,WFRD,0.052605241126003,0.052620266315630895,129.0,88.06073760986328
2023-10-02,2023-09-29,GOOG,0.0524951584500861,0.05275553006037155,85.0,133.98866271972656
2023-10-02,2023-09-29,CARR,0.0497429974469316,0.04967464273387552,204.0,52.56825637817383
2023-10-02,2023-09-29,WMS,0.0461506386474417,0.04646182305791296,89.0,112.7003402709961
2023-10-02,2023-09-29,PSX,0.0461460100801563,0.046187857763304856,92.0,108.38245391845703
2023-10-02,2023-09-29,JBL,0.0447919054250228,0.04452405224962617,75.0,128.15997314453125
2023-10-02,2023-09-29,EXE,0.0430213473643266,0.04298392601357727,120.0,77.32925415039062
2023-10-02,2023-09-29,MELI,0.0426471709285334,0.046670037382968044,8.0,1259.4100341796875
2023-10-02,2023-09-29,ONTO,0.0401893308154566,0.040530652691772535,69.0,126.80999755859375
2023-10-02,2023-09-29,GOOGL,0.0378086584231392,0.038193908018588345,62.0,132.99073791503906
2023-10-02,2023-09-29,MANH,0.0357871378183561,0.03592469221826749,39.0,198.86000061035156
2023-10-02,2023-09-29,AMZN,0.032848975697078,0.03298217770552153,55.0,129.4600067138672
2023-10-02,2023-09-29,ON,0.0271551158414483,0.0272476425690615,63.0,93.37000274658203
2023-11-01,2023-10-31,ANET,0.0698840742331234,0.07012294454245331,281.0,52.709999084472656
2023-11-01,2023-10-31,DINO,0.0625063754995633,0.06263026655332186,266.0,49.73267364501953
2023-11-01,2023-10-31,AMZN,0.0564765444334569,0.05642877670936641,87.0,137.0
2023-11-01,2023-10-31,UEC,0.0519567252640973,0.051980378502982934,1893.0,5.800000190734863
2023-11-01,2023-10-31,WFRD,0.0455674053192334,0.04563824581855963,104.0,92.6904067993164
2023-11-01,2023-10-31,JBL,0.0426696627942253,0.04290109489266619,73.0,124.13227081298828
2023-11-01,2023-10-31,VRT,0.0419778685309728,0.041940200643452163,221.0,40.08458709716797
2023-11-01,2023-10-31,RBA,0.0391291978288078,0.0390831278657736,129.0,63.99393081665039
2023-11-01,2023-10-31,MELI,0.0383306759500374,0.04308296181953519,7.0,1300.010009765625
2023-11-01,2023-10-31,AIZ,0.0343910332271764,0.0339819119633696,45.0,159.50506591796875
2023-11-01,2023-10-31,FANG,0.0329894388003342,0.03331410864346685,49.0,143.60557556152344
2023-11-01,2023-10-31,HIG,0.0312696013066215,0.03109260696304879,93.0,70.61766815185547
2023-11-01,2023-10-31,PSX,0.0304274835928502,0.030529837427361012,61.0,105.71432495117188
2023-11-01,2023-10-31,MANH,0.028524513253751,0.029080017725088225,31.0,198.13999938964844
2023-11-01,2023-10-31,GOOG,0.0265188364752002,0.02694074840793825,45.0,126.45509338378906
2023-11-01,2023-10-31,EXE,0.0240338905365665,0.024346713941886693,64.0,80.35253143310547
2023-11-01,2023-10-31,GOOGL,0.0216369984429471,0.02195570464070108,37.0,125.3386001586914
2023-11-01,2023-10-31,CCC,0.0191814135260136,0.019220155088554552,378.0,10.739999771118164
2023-12-01,2023-11-30,AIZ,0.0797611241624224,0.07924645944544668,107.0,161.9601593017578
2023-12-01,2023-11-30,HIG,0.0752764036765579,0.07531224274192207,220.0,74.86089324951172
2023-12-01,2023-11-30,UEC,0.071981347880028,0.07204476695252117,2409.0,6.539999961853027
2023-12-01,2023-11-30,KKR,0.0692647133125234,0.06909307025718596,205.0,73.70428466796875
2023-12-01,2023-11-30,ANET,0.0680028417879845,0.06810817501562086,275.0,54.15999984741211
2023-12-01,2023-11-30,FICO,0.0625829352015205,0.06188231578040606,12.0,1127.7099609375
2023-12-01,2023-11-30,UBER,0.0585471346396951,0.05848253222521244,223.0,57.349998474121094
2023-12-01,2023-11-30,VRT,0.0579850212712609,0.05799971752853467,282.0,44.97683334350586
2023-12-01,2023-11-30,MELI,0.0510731161146326,0.052880872185288884,7.0,1652.010009765625
2023-12-01,2023-11-30,EXPE,0.0504616561902878,0.050339216148197495,80.0,137.60321044921875
2023-12-01,2023-11-30,ALLY,0.0482884349221885,0.048328894615863684,370.0,28.56388282775879
2023-12-01,2023-11-30,AMZN,0.0476967869726494,0.04840902605536581,72.0,147.02999877929688
2023-12-01,2023-11-30,DECK,0.0466946542763633,0.04646813688266301,89.0,114.17666625976562
2023-12-01,2023-11-30,MANH,0.0433759072996071,0.042732094931649055,41.0,227.9199981689453
2023-12-01,2023-11-30,FANG,0.0429409081082153,0.04285123371519386,66.0,141.98141479492188
2023-12-01,2023-11-30,WFRD,0.0375138444585603,0.037772751940576846,93.0,88.81938934326172
2023-12-01,2023-11-30,RBA,0.0371010356004162,0.0371609496396414,125.0,65.01130676269531
2023-12-01,2023-11-30,CCC,0.0298760976311354,0.029865028905084152,553.0,11.8100004196167
2024-01-02,2023-12-29,ALLY,0.0865164485154363,0.08649619661440447,588.0,32.72906494140625
2024-01-02,2023-12-29,FICO,0.0725032765477287,0.07117675352817084,14.0,1131.1600341796875
2024-01-02,2023-12-29,UBER,0.0670745816879416,0.06690989777039648,255.0,58.380001068115234
2024-01-02,2023-12-29,AVGO,0.0655409643774181,0.0655892510683379,138.0,105.74686431884766
2024-01-02,2023-12-29,KKR,0.0628378800402072,0.06295830035205456,175.0,80.04401397705078
2024-01-02,2023-12-29,ANET,0.0579911807602511,0.058282429984062585,224.0,57.88999938964844
2024-01-02,2023-12-29,EXPE,0.0550179337935221,0.05481463296535895,83.0,146.93739318847656
2024-01-02,2023-12-29,AMD,0.0532448442466737,0.05294263780912819,85.0,138.5800018310547
2024-01-02,2023-12-29,VRT,0.0524690529377738,0.05255726921517729,257.0,45.50022888183594
2024-01-02,2023-12-29,HIG,0.0524680860975418,0.05279168061228663,150.0,78.30475616455078
2024-01-02,2023-12-29,DKS,0.0522616734105537,0.052140287147150376,84.0,138.1045684814453
2024-01-02,2023-12-29,AIZ,0.0500605625522373,0.05069326906932125,69.0,163.46136474609375
2024-01-02,2023-12-29,COLB,0.0465767016321102,0.046598628084144264,451.0,22.988492965698242
2024-01-02,2023-12-29,AMZN,0.0448647704208659,0.04514913246145922,67.0,149.92999267578125
2024-01-02,2023-12-29,BLD,0.0414192652164217,0.03981558702061458,24.0,369.1099853515625
2024-01-02,2023-12-29,DECK,0.0374225957242229,0.03786544949696946,75.0,112.33000183105469
2024-01-02,2023-12-29,UEC,0.0360849936744923,0.036152172194697726,1249.0,6.440000057220459
2024-01-02,2023-12-29,MELI,0.0309762243612101,0.03436442096392655,5.0,1529.1600341796875
2024-02-01,2024-01-31,SMCI,0.1,0.09891427093870696,410.0,58.349998474121094
2024-02-01,2024-01-31,AVGO,0.0853317343188364,0.08507805456195938,176.0,116.91510772705078
2024-02-01,2024-01-31,ALLY,0.0779875049244114,0.07812428172797546,546.0,34.60661697387695
2024-02-01,2024-01-31,UBER,0.0746698116536479,0.0744936337570547,270.0,66.7300033569336
2024-02-01,2024-01-31,FICO,0.0701621942263383,0.07196027607644223,14.0,1243.1700439453125
2024-02-01,2024-01-31,HIG,0.0651574036262707,0.06510651154428371,188.0,83.75916290283203
2024-02-01,2024-01-31,VRT,0.0612731213887533,0.06151780637283362,251.0,59.27790832519531
2024-02-01,2024-01-31,KKR,0.0588894328710407,0.0592004962041185,165.0,86.77750396728516
2024-02-01,2024-01-31,DKS,0.0562551960407899,0.05609381196112204,94.0,144.32875061035156
2024-02-01,2024-01-31,C,0.0554828516662713,0.05532908034655257,257.0,52.069820404052734
2024-02-01,2024-01-31,BLD,0.0497649677582243,0.048476241473411556,31.0,378.2099914550781
2024-02-01,2024-01-31,AMD,0.0445930736511246,0.045111539506834025,64.0,170.47999572753906
2024-02-01,2024-01-31,ANET,0.0426100866572548,0.042677271803137094,157.0,65.74500274658203
2024-02-01,2024-01-31,EXPE,0.0373627133514382,0.037746812584969244,61.0,149.66360473632812
2024-02-01,2024-01-31,DECK,0.0354973218058091,0.035682314406006305,67.0,128.80833435058594
2024-02-01,2024-01-31,AMZN,0.0323618854888709,0.03292801088129741,50.0,159.27999877929688
2024-02-01,2024-01-31,MELI,0.0256875483709099,0.02891380425385841,4.0,1748.280029296875
2024-02-01,2024-01-31,UEC,0.0225150279749365,0.02254601212145512,665.0,8.199999809265137
2024-03-01,2024-02-29,VKTX,0.0952963266004635,0.09528136084176583,308.0,85.22000122070312
2024-03-01,2024-02-29,SMCI,0.09,0.09039142604052074,275.0,90.5479965209961
2024-03-01,2024-02-29,VRT,0.0855083592257867,0.08555560693166164,335.0,70.35386657714844
2024-03-01,2024-02-29,AVGO,0.0815946161062828,0.08214479180285736,166.0,136.31895446777344
2024-03-01,2024-02-29,NVDA,0.0728102971009043,0.07274836352887327,244.0,82.13300323486328
2024-03-01,2024-02-29,BLD,0.0675619867249117,0.0670745424698981,45.0,410.6099853515625
2024-03-01,2024-02-29,ELF,0.0637760865477342,0.06313427726780803,80.0,217.39999389648438
2024-03-01,2024-02-29,DKS,0.0624006898950065,0.06223359461046863,100.0,171.43882751464844
2024-03-01,2024-02-29,AMD,0.0596854765459366,0.05958348387544121,81.0,202.63999938964844
2024-03-01,2024-02-29,ANET,0.0512692967865001,0.05118138137598239,196.0,71.93499755859375
2024-03-01,2024-02-29,UBER,0.0447228858604566,0.04500419127736148,153.0,81.02999877929688
2024-03-01,2024-02-29,DECK,0.0410671486007237,0.040987641861560474,75.0,150.54833984375
2024-03-01,2024-02-29,AMZN,0.0382959041655854,0.03817017513628457,59.0,178.22000122070312
2024-03-01,2024-02-29,ALLY,0.0331945049030018,0.0332530663348389,263.0,34.830543518066406
2024-03-01,2024-02-29,FICO,0.030154386848634,0.03291171837120119,7.0,1295.199951171875
2024-03-01,2024-02-29,KKR,0.0284306776197432,0.02868541389977409,81.0,97.55744171142578
2024-03-01,2024-02-29,C,0.0264810425499701,0.02668505191361042,141.0,52.13546371459961
2024-03-01,2024-02-29,HIG,0.0236038544587583,0.02386431643897337,72.0,91.30631256103516
2024-04-01,2024-03-28,SMCI,0.1107843412916599,0.11078685983884107,305.0,103.71499633789062
2024-04-01,2024-03-28,NVDA,0.09668091384341,0.09667362698859881,306.0,90.20689392089844
2024-04-01,2024-03-28,VRT,0.0835731174039431,0.08368228181163194,298.0,80.18080139160156
2024-04-01,2024-03-28,BLD,0.0745326462957141,0.07369009415815049,48.0,438.3500061035156
2024-04-01,2024-03-28,WSM,0.0719709999871959,0.07195602848828025,135.0,152.19015502929688
2024-04-01,2024-03-28,AVGO,0.0675691143444051,0.0680162882564303,147.0,132.1139678955078
2024-04-01,2024-03-28,VKTX,0.0591376232503731,0.059305311207389376,213.0,79.5
2024-04-01,2024-03-28,FTAI,0.0569706153941268,0.05691516458213996,245.0,66.33077239990234
2024-04-01,2024-03-28,C,0.0537186623837843,0.05355973645579611,257.0,59.50568389892578
2024-04-01,2024-03-28,ANET,0.0485237301013969,0.0488156416039387,186.0,74.9375
2024-04-01,2024-03-28,DECK,0.0447863578456672,0.044537498666616965,82.0,155.0833282470703
2024-04-01,2024-03-28,ALLY,0.042968474882161,0.0429509393690122,332.0,36.9392204284668
2024-04-01,2024-03-28,AMD,0.0373221296017202,0.037884022608157424,59.0,183.33999633789062
2024-04-01,2024-03-28,AMZN,0.0351063139872732,0.035492899018474876,56.0,180.97000122070312
2024-04-01,2024-03-28,KKR,0.0321284400264281,0.03211901053153361,93.0,98.61258697509766
2024-04-01,2024-03-28,HIG,0.0306309767195422,0.030535838505329527,88.0,99.07870483398438
2024-04-01,2024-03-28,ELF,0.0277918114301241,0.02823771269523856,42.0,191.97000122070312
2024-04-01,2024-03-28,UBER,0.0223064268294045,0.022476025204826576,84.0,76.4000015258789
2024-05-01,2024-04-30,SMCI,0.0930415796297756,0.09292073651177263,330.0,73.83000183105469
2024-05-01,2024-04-30,NVDA,0.0868755332697243,0.08726026647996256,276.0,82.89753723144531
2024-05-01,2024-04-30,VRT,0.0794386532801433,0.07979394197308139,237.0,88.2786636352539
2024-05-01,2024-04-30,VKTX,0.0760578280198627,0.07607994553976571,261.0,76.43000030517578
2024-05-01,2024-04-30,AVGO,0.0717899848708859,0.07142332879959234,154.0,121.6055908203125
2024-05-01,2024-04-30,GE,0.0674187203372718,0.06740694249575983,112.0,157.8050079345703
2024-05-01,2024-04-30,BLD,0.0664065392774786,0.06691708711400222,43.0,408.0400085449219
2024-05-01,2024-04-30,WSM,0.0604985580159618,0.060878026756246435,116.0,137.60580444335938
2024-05-01,2024-04-30,FTAI,0.0492194054689089,0.049443001185605094,181.0,71.62430572509766
2024-05-01,2024-04-30,AAON,0.0466613869915,0.046413275673995884,130.0,93.6123275756836
2024-05-01,2024-04-30,WFRD,0.0449969805053196,0.04496836076869614,102.0,115.59553527832031
2024-05-01,2024-04-30,AMZN,0.0435684925950919,0.04300900593316965,63.0,179.0
2024-05-01,2024-04-30,TT,0.043126650901399,0.04243209579183362,36.0,309.04815673828125
2024-05-01,2024-04-30,C,0.0415425064368764,0.04168620267698989,190.0,57.527156829833984
2024-05-01,2024-04-30,ALLY,0.0388927153469105,0.03899366446289941,282.0,36.25593566894531
2024-05-01,2024-04-30,KKR,0.0329703022354922,0.03327001549181153,93.0,93.80030059814453
2024-05-01,2024-04-30,DECK,0.0285066243175769,0.028649406402476582,55.0,136.5800018310547
2024-05-01,2024-04-30,HIG,0.0254210141735986,0.02544946354258584,71.0,93.98411560058594
2024-06-03,2024-05-31,NVDA,0.1015183303735545,0.10166447538278066,243.0,114.80133819580078
2024-06-03,2024-05-31,DECK,0.0871668008336382,0.08711569257429848,132.0,181.09500122070312
2024-06-03,2024-05-31,FSLR,0.0769388370243566,0.07652859059950637,77.0,272.7200012207031
2024-06-03,2024-05-31,INSM,0.0667014871718477,0.06666320718448907,327.0,55.939998626708984
2024-06-03,2024-05-31,GE,0.0658970381766128,0.0657014913358273,113.0,159.5441131591797
2024-06-03,2024-05-31,FTAI,0.0625039400872161,0.06233140571630526,210.0,81.44635009765625
2024-06-03,2024-05-31,WSM,0.056614520947979,0.056846616845738364,108.0,144.43247985839844
2024-06-03,2024-05-31,VST,0.0564054712455369,0.05625216252638788,168.0,91.87850952148438
2024-06-03,2024-05-31,TT,0.053339277617338,0.0528807920875946,46.0,315.4453430175781
2024-06-03,2024-05-31,DKS,0.0507520152800848,0.05007410530709987,65.0,211.38970947265625
2024-06-03,2024-05-31,CRS,0.0494613655914746,0.04946105508471002,125.0,108.5768814086914
2024-06-03,2024-05-31,WFRD,0.0489165585033799,0.04872302261495532,120.0,111.41328430175781
2024-06-03,2024-05-31,CROX,0.0450224311965373,0.04487755992632959,80.0,153.92999267578125
2024-06-03,2024-05-31,VRT,0.0443690322399568,0.04471044100082907,128.0,95.84798431396484
2024-06-03,2024-05-31,C,0.0372950692834698,0.03735079516499973,175.0,58.56603240966797
2024-06-03,2024-05-31,KKR,0.0351345949800411,0.03491192578374227,94.0,101.9130859375
2024-06-03,2024-05-31,HIG,0.0305510454692056,0.03056664801832871,85.0,98.67630767822266
2024-06-03,2024-05-31,ALLY,0.0279236369660379,0.028083798447640196,212.0,36.3499641418457
2024-07-01,2024-06-28,NVDA,0.0907248337984564,0.09097699218615592,200.0,124.09546661376953
2024-07-01,2024-06-28,FTAI,0.0830206269615403,0.08279258175496533,219.0,103.13394927978516
2024-07-01,2024-06-28,INSM,0.0787804939743527,0.07903227189817691,325.0,66.33999633789062
2024-07-01,2024-06-28,ALNY,0.0724437410138136,0.07224511755902381,81.0,243.32000732421875
2024-07-01,2024-06-28,CRS,0.061903623219336,0.06187637635627673,159.0,106.16517639160156
2024-07-01,2024-06-28,UTHR,0.0599331317627732,0.05963759877144279,51.0,319.010009765625
2024-07-01,2024-06-28,AVGO,0.0582958030374573,0.05785428910603492,98.0,161.0511474609375
2024-07-01,2024-06-28,TPL,0.0552002432449399,0.05526387000598575,63.0,239.30682373046875
2024-07-01,2024-06-28,TT,0.0521418000529685,0.053307151764265266,46.0,316.141845703125
2024-07-01,2024-06-28,AAPL,0.0491329029985166,0.04883718196272378,62.0,214.88853454589844
2024-07-01,2024-06-28,GE,0.0483609062635105,0.04894356622492917,85.0,157.0836639404297
2024-07-01,2024-06-28,ANET,0.0478190010617016,0.04772452900472193,146.0,89.17500305175781
2024-07-01,2024-06-28,WFRD,0.0461359562527174,0.04642224810802183,107.0,118.35775756835938
2024-07-01,2024-06-28,LNG,0.0458590704493063,0.04544060143125104,73.0,169.81480407714844
2024-07-01,2024-06-28,HALO,0.0442753810645535,0.04423886732529367,232.0,52.02000045776367
2024-07-01,2024-06-28,FSLR,0.0362633666424162,0.03673651097844421,45.0,222.7100067138672
2024-07-01,2024-06-28,VST,0.034573129240748,0.03478921566162113,110.0,86.27923583984375
2024-07-01,2024-06-28,KKR,0.0320808839258696,0.03216613902810471,85.0,103.23675537109375
2024-08-01,2024-07-31,TPL,0.0893386942770746,0.08935661403864939,93.0,271.71026611328125
2024-08-01,2024-07-31,CORT,0.0822102400202743,0.08224234648308655,613.0,37.939998626708984
2024-08-01,2024-07-31,CRS,0.0815069493813344,0.08133268184616878,161.0,142.85699462890625
2024-08-01,2024-07-31,NVDA,0.0789751760525549,0.07903850745960045,205.0,109.03028869628906
2024-08-01,2024-07-31,AVGO,0.0725608464875453,0.07246205119393788,142.0,144.30606079101562
2024-08-01,2024-07-31,AAPL,0.0594276458598707,0.05894618364991881,77.0,216.48472595214844
2024-08-01,2024-07-31,INSM,0.0548460396061424,0.05514117686592422,207.0,75.33000183105469
2024-08-01,2024-07-31,ANET,0.0542772353961555,0.054186932349155496,181.0,84.66000366210938
2024-08-01,2024-07-31,KKR,0.0516920757687625,0.05145111983001896,123.0,118.29108428955078
2024-08-01,2024-07-31,LNG,0.0475225678821767,0.047399420747277786,76.0,176.36878967285156
2024-08-01,2024-07-31,HALO,0.0466014802430989,0.046525701039547195,239.0,55.04999923706055
2024-08-01,2024-07-31,FTAI,0.0435510111872511,0.043884957179545596,116.0,106.98428344726562
2024-08-01,2024-07-31,PEG,0.0429780686156307,0.04290569157931182,162.0,74.89661407470703
2024-08-01,2024-07-31,CW,0.0415405141411727,0.04097302132231754,40.0,289.6678466796875
2024-08-01,2024-07-31,BLD,0.0379326967898526,0.03686163641315122,23.0,453.2200012207031
2024-08-01,2024-07-31,UTHR,0.0373217187541571,0.03825140211357055,33.0,327.7900085449219
2024-08-01,2024-07-31,ALNY,0.0310528653553775,0.031345398863781467,33.0,268.6099853515625
2024-08-01,2024-07-31,FSLR,0.0241887257712482,0.024725160936004346,32.0,218.5
2024-09-03,2024-08-30,FTAI,0.1010754868636072,0.10091888422879478,243.0,116.1670150756836
2024-09-03,2024-08-30,AVGO,0.08616044763396,0.08578401885582711,160.0,149.96954345703125
2024-09-03,2024-08-30,ALNY,0.0794321834130691,0.07893324911948994,87.0,253.77999877929688
2024-09-03,2024-08-30,UTHR,0.074520877433456,0.07433121646056004,59.0,352.3999938964844
2024-09-03,2024-08-30,HALO,0.0682514227098267,0.06828593563146869,312.0,61.220001220703125
2024-09-03,2024-08-30,LNG,0.0656594656808277,0.06558845793343449,102.0,179.86386108398438
2024-09-03,2024-08-30,ANET,0.0557581201702524,0.055774082450246426,191.0,81.68000030517578
2024-09-03,2024-08-30,TLN,0.0509339088584768,0.05091716433959268,103.0,138.27499389648438
2024-09-03,2024-08-30,TPL,0.0499319437147269,0.050090083348551154,52.0,269.4418640136719
2024-09-03,2024-08-30,CW,0.0434587423524064,0.04315528170007063,40.0,301.7801208496094
2024-09-03,2024-08-30,SN,0.0412496497629951,0.04116885303167114,121.0,95.16999816894531
2024-09-03,2024-08-30,CRS,0.0399999154647229,0.040491151735894584,85.0,133.24713134765625
2024-09-03,2024-08-30,PEG,0.037367672055172,0.03744730837772952,139.0,75.35680389404297
2024-09-03,2024-08-30,BBY,0.0343132543583388,0.03425420244548244,105.0,91.25175476074219
2024-09-03,2024-08-30,INSM,0.0230965930161923,0.023325800027661613,89.0,73.30999755859375
2024-09-03,2024-08-30,CORT,0.0216326174415874,0.02167923435257795,177.0,34.2599983215332
2024-09-03,2024-08-30,AAPL,0.0200945959079379,0.020552750745506488,26.0,221.11248779296875
2024-09-03,2024-08-30,KKR,0.0146411366474835,0.015059303580766804,36.0,117.00894165039062
2024-10-01,2024-09-30,CORT,0.1,0.10001793176438367,649.0,46.75
2024-10-01,2024-09-30,VST,0.0884265980994873,0.08840600735760262,221.0,121.3494873046875
2024-10-01,2024-09-30,TLN,0.0814772745337386,0.08143440420458897,138.0,179.00999450683594
2024-10-01,2024-09-30,PEG,0.0783044716627313,0.07839453397564641,277.0,85.85279846191406
2024-10-01,2024-09-30,CRS,0.0737406992569076,0.07350142739873039,142.0,157.02032470703125
2024-10-01,2024-09-30,ANET,0.0630376843745241,0.06293820662754038,200.0,95.4625015258789
2024-10-01,2024-09-30,SN,0.0596282295426426,0.05942243611001508,167.0,107.94000244140625
2024-10-01,2024-09-30,AVGO,0.0524097738534951,0.05273446737794949,97.0,164.91921997070312
2024-10-01,2024-09-30,FTAI,0.0475146850808362,0.047879427103956124,112.0,129.68190002441406
2024-10-01,2024-09-30,CW,0.0411977364056498,0.04206488042937653,38.0,335.8029479980469
2024-10-01,2024-09-30,ALNY,0.0383626445719431,0.039131229450284785,43.0,276.05999755859375
2024-10-01,2024-09-30,BBY,0.0344828149406214,0.034456568199143424,113.0,92.50006103515625
2024-10-01,2024-09-30,UTHR,0.0331467452911002,0.034207890056337446,29.0,357.8299865722656
2024-10-01,2024-09-30,TPL,0.0310118802332631,0.03188565790718205,32.0,302.2691650390625
2024-10-01,2024-09-30,AAPL,0.0237219796180345,0.02368480912235867,32.0,224.52688598632812
2024-10-01,2024-09-30,KKR,0.0222053234071576,0.022024609093580852,52.0,128.48526000976562
2024-10-01,2024-09-30,HALO,0.019461953231074,0.019604875864284894,105.0,56.63999938964844
2024-10-01,2024-09-30,INSM,0.0157435622242994,0.01585637253827063,66.0,72.87999725341797
2024-11-01,2024-10-31,VST,0.0939488156078152,0.09397816797346839,240.0,118.33926391601562
2024-11-01,2024-10-31,TPL,0.075,0.07439749323245323,58.0,387.65325927734375
2024-11-01,2024-10-31,ANET,0.0691323873205129,0.06912677897528371,212.0,98.5425033569336
2024-11-01,2024-10-31,TLN,0.067035102534339,0.06731663131587051,117.0,173.8800048828125
2024-11-01,2024-10-31,UTHR,0.0636131790726386,0.06311780080705302,51.0,374.0199890136719
2024-11-01,2024-10-31,UAL,0.0584479131942796,0.058305699150331916,219.0,80.45999908447266
2024-11-01,2024-10-31,CORT,0.0581594542574217,0.05830126454713162,370.0,47.619998931884766
2024-11-01,2024-10-31,FTAI,0.0537913715787595,0.053399382157094284,115.0,140.330322265625
2024-11-01,2024-10-31,AVGO,0.0529117912529441,0.053391722897421987,97.0,166.34713745117188
2024-11-01,2024-10-31,EXEL,0.0527017762463574,0.05272453506363495,467.0,34.119998931884766
2024-11-01,2024-10-31,CW,0.045445980660957,0.04486663263714802,39.0,347.673828125
2024-11-01,2024-10-31,KKR,0.0421998467741992,0.04188606307492955,93.0,136.113037109375
2024-11-01,2024-10-31,PANW,0.0407799815338788,0.040798247654459247,68.0,181.32000732421875
2024-11-01,2024-10-31,PEG,0.0395971934861225,0.03991234121069284,146.0,82.61663055419922
2024-11-01,2024-10-31,BKNG,0.0388709863498618,0.03843585221552066,62.0,187.35183715820312
2024-11-01,2024-10-31,BBY,0.0240593494006563,0.024157483943632686,88.0,82.96256256103516
2024-11-01,2024-10-31,SN,0.0211818926396666,0.021232178511414828,72.0,89.12000274658203
2024-11-01,2024-10-31,ALNY,0.0191159722708612,0.019939646001772487,22.0,273.9100036621094
2024-12-02,2024-11-29,UAL,0.0874409310971949,0.08731326806538399,303.0,97.44000244140625
2024-12-02,2024-11-29,KKR,0.0774149608754085,0.07717034394593193,165.0,158.14889526367188
2024-12-02,2024-11-29,PLTR,0.0771262524914471,0.07716059078256138,393.0,66.38999938964844
2024-12-02,2024-11-29,VST,0.0759626150892234,0.07626801674842269,169.0,152.60031127929688
2024-12-02,2024-11-29,GTLS,0.069599770035233,0.06936278276785718,122.0,192.25
2024-12-02,2024-11-29,TPL,0.0690683927660794,0.07047819286037052,48.0,496.4930725097656
2024-12-02,2024-11-29,TLN,0.0612554229504876,0.06142733901958929,99.0,209.80999755859375
2024-12-02,2024-11-29,AXON,0.0559706006172144,0.05457851107075817,29.0,636.3900146484375
2024-12-02,2024-11-29,BKNG,0.0516855195532491,0.05119786659144489,84.0,206.09727478027344
2024-12-02,2024-11-29,CORT,0.0491324905724846,0.04920414655929332,281.0,59.209999084472656
2024-12-02,2024-11-29,IBKR,0.047071835889681,0.047062117434461995,345.0,46.12666320800781
2024-12-02,2024-11-29,EXEL,0.0449256696566639,0.04504764460111953,428.0,35.59000015258789
2024-12-02,2024-11-29,CW,0.0398092731155432,0.04019588875194981,37.0,367.349609375
2024-12-02,2024-11-29,ANET,0.0363795889903296,0.03668727743088813,121.0,102.5250015258789
2024-12-02,2024-11-29,FTAI,0.0326808062534838,0.03310294756464667,68.0,164.61045837402344
2024-12-02,2024-11-29,PEG,0.0307850177782225,0.030984575552421307,120.0,87.30999755859375
2024-12-02,2024-11-29,PANW,0.0283688553129105,0.02884657302854448,50.0,195.0850067138672
2024-12-02,2024-11-29,SN,0.0243902235613759,0.024135953961727897,83.0,98.33000183105469
2025-01-02,2024-12-31,PLTR,0.0934998994376465,0.09350021049577904,404.0,75.19000244140625
2025-01-02,2024-12-31,GTLS,0.0882411487453111,0.08825255877196515,151.0,189.8800048828125
2025-01-02,2024-12-31,UAL,0.0775512394556311,0.0778398380539307,265.0,95.43000030517578
2025-01-02,2024-12-31,IBKR,0.0724759720877847,0.07242496912522031,519.0,45.336692810058594
2025-01-02,2024-12-31,KKR,0.0690057273103138,0.06914355669679,152.0,147.78726196289062
2025-01-02,2024-12-31,TLN,0.0599840159151114,0.0600987884795761,92.0,212.22999572753906
2025-01-02,2024-12-31,BKNG,0.0570716567098032,0.056910379638764726,95.0,194.62416076660156
2025-01-02,2024-12-31,DBX,0.0556362643842487,0.05559257065122974,611.0,29.559999465942383
2025-01-02,2024-12-31,AXON,0.0538792555911094,0.05324419711662433,29.0,596.489990234375
2025-01-02,2024-12-31,DKS,0.0534620301792888,0.05325777611783446,79.0,219.02052307128906
2025-01-02,2024-12-31,CW,0.0502377164644132,0.04961212035222298,46.0,350.395751953125
2025-01-02,2024-12-31,ANET,0.0487591168591921,0.048516917114690465,141.0,111.79000091552734
2025-01-02,2024-12-31,EXEL,0.0404524853391044,0.04053355269489665,388.0,33.939998626708984
2025-01-02,2024-12-31,VST,0.0403017553527272,0.040662564220113155,89.0,148.43408203125
2025-01-02,2024-12-31,PANW,0.0322566266961488,0.03226661515495523,58.0,180.74000549316406
2025-01-02,2024-12-31,FTAI,0.0277519018565668,0.02808018210882432,64.0,142.54396057128906
2025-01-02,2024-12-31,TPL,0.0259666830332704,0.02644392032994639,22.0,390.5098876953125
2025-01-02,2024-12-31,CORT,0.0242684249772044,0.024301751272449452,158.0,49.970001220703125
2025-02-03,2025-01-31,IBKR,0.0916943691024328,0.09174550783257335,575.0,55.51694869995117
2025-02-03,2025-01-31,GTLS,0.0821776537876646,0.08284916022482808,138.0,208.88999938964844
2025-02-03,2025-01-31,PLTR,0.078473403896291,0.07869951823364298,327.0,83.73999786376953
2025-02-03,2025-01-31,DBX,0.0700397752295966,0.07006268657855728,763.0,31.950000762939453
2025-02-03,2025-01-31,KKR,0.066377315396251,0.0664504610062708,143.0,161.68531799316406
2025-02-03,2025-01-31,DKS,0.0595331349472904,0.0592390223094034,90.0,229.0203094482422
2025-02-03,2025-01-31,DASH,0.0568785674478305,0.05648159828943451,103.0,190.8000030517578
2025-02-03,2025-01-31,CORT,0.0554745929178832,0.05546735455916811,290.0,66.55000305175781
2025-02-03,2025-01-31,MMM,0.0533750691438467,0.05323465143391613,127.0,145.8476104736328
2025-02-03,2025-01-31,AXON,0.0504467957704357,0.0510685609475517,27.0,658.1099853515625
2025-02-03,2025-01-31,UAL,0.0471018227458781,0.04730168606947114,157.0,104.83000183105469
2025-02-03,2025-01-31,SBUX,0.0467911123824551,0.04666304869317795,156.0,104.07756805419922
2025-02-03,2025-01-31,APP,0.0436248522493452,0.043061714526092,41.0,365.44000244140625
2025-02-03,2025-01-31,FTNT,0.0416364560390574,0.04146852478721388,143.0,100.9000015258789
2025-02-03,2025-01-31,VST,0.0399895993108318,0.04035299356172934,84.0,167.14950561523438
2025-02-03,2025-01-31,TLN,0.0392864080227278,0.03980819778134903,60.0,230.85000610351562
2025-02-03,2025-01-31,TPL,0.0311147977488157,0.030422033350290357,24.0,441.0477600097656
2025-02-03,2025-01-31,ANET,0.0280456467687386,0.028199987459638497,88.0,111.5
2025-03-03,2025-02-28,MMM,0.0764509818243274,0.07622377468874406,159.0,149.8688201904297
2025-03-03,2025-02-28,SAN,0.0726046071039386,0.07270663872942665,3617.0,6.284106254577637
2025-03-03,2025-02-28,PLTR,0.0703615113092501,0.07071280889609147,265.0,83.41999816894531
2025-03-03,2025-02-28,BROS,0.0627385499809879,0.06275774021430493,257.0,76.33999633789062
2025-03-03,2025-02-28,MA,0.0615125936199453,0.06023617202270821,33.0,570.638916015625
2025-03-03,2025-02-28,FTNT,0.0596945290078443,0.05963933384290249,175.0,106.54000091552734
2025-03-03,2025-02-28,VRSN,0.0580244153826106,0.05751186398296362,76.0,236.5711669921875
2025-03-03,2025-02-28,ETR,0.0523741925001005,0.05225289642822695,192.0,85.07992553710938
2025-03-03,2025-02-28,DASH,0.0512904093634526,0.05196134454313919,82.0,198.10000610351562
2025-03-03,2025-02-28,GILD,0.0437448592973766,0.04349941115892562,122.0,111.46576690673828
2025-03-03,2025-02-28,UBER,0.0413292631881411,0.04119405275220171,173.0,74.44000244140625
2025-03-03,2025-02-28,SBUX,0.0406409246153938,0.040716602356814326,114.0,111.65666198730469
2025-03-03,2025-02-28,EXPE,0.0393007343646771,0.03912813830814395,64.0,191.12925720214844
2025-03-03,2025-02-28,THG,0.0315927968959809,0.03111340290869655,58.0,167.7017059326172
2025-03-03,2025-02-28,CORT,0.0242312061997677,0.02437466849793918,129.0,59.06999969482422
2025-03-03,2025-02-28,EXC,0.0206773372640841,0.020585111221334607,151.0,42.61811447143555
2025-03-03,2025-02-28,TW,0.0203747694276887,0.020084580433889117,46.0,136.49693298339844
2025-03-03,2025-02-28,EQH,0.0198688117880095,0.019760722574525602,117.0,52.80012130737305
2025-04-01,2025-03-31,CORT,0.0441413898344854,0.04410526181586038,147.0,91.93000030517578
2025-04-01,2025-03-31,MMM,0.0360607976379881,0.03625168048262987,77.0,144.25192260742188
2025-04-01,2025-03-31,PLTR,0.0331467085665966,0.03344121356511689,121.0,84.68000030517578
2025-04-01,2025-03-31,ETR,0.0296792105620504,0.029769683026188765,110.0,82.92122650146484
2025-04-01,2025-03-31,VRSN,0.0285857647415665,0.02869135511985071,35.0,251.169677734375
2025-04-01,2025-03-31,MA,0.02752118779626,0.028429834253609766,16.0,544.4255981445312
2025-04-01,2025-03-31,EXC,0.0262255459831845,0.02623706912525555,183.0,43.928707122802734
2025-04-01,2025-03-31,THG,0.0249564929316982,0.025043161884373326,45.0,170.51431274414062
2025-04-01,2025-03-31,TW,0.0226195906667216,0.022603329399406614,47.0,147.35292053222656
2025-04-01,2025-03-31,AEM,0.0213751207548201,0.02132945292449675,61.0,107.13566589355469
2025-04-01,2025-03-31,UBER,0.0210010872071983,0.021201625830213514,89.0,72.98999786376953
2025-04-01,2025-03-31,BJ,0.0203067058854591,0.02024668772159177,54.0,114.87999725341797
2025-04-01,2025-03-31,GILD,0.0185950528905907,0.018628041107209368,53.0,107.69003295898438
2025-04-01,2025-03-31,EQH,0.0163882989362502,0.016505888685447397,99.0,51.084354400634766
2025-04-01,2025-03-31,FTNT,0.0152157668209744,0.015459790292709002,49.0,96.66999816894531
2025-04-01,2025-03-31,DASH,0.0136159589719869,0.013693551239339026,23.0,182.4199981689453
2025-04-01,2025-03-31,SBUX,0.0109491813822739,0.011166154893620174,36.0,95.03538513183594
2025-04-01,2025-03-31,BROS,0.0088236446344791,0.009010375250427569,45.0,61.349998474121094
2025-05-01,2025-04-30,PLTR,0.0529157333235198,0.052690311197825024,139.0,116.19999694824219
2025-05-01,2025-04-30,UBER,0.0365808222325139,0.036415289358117234,138.0,80.88999938964844
2025-05-01,2025-04-30,NRG,0.0363812981990167,0.03607733554870263,98.0,112.84921264648438
2025-05-01,2025-04-30,BJ,0.0334525926958055,0.033279668918114715,87.0,117.26000213623047
2025-05-01,2025-04-30,FTNT,0.0317541914791135,0.0316156552587311,93.0,104.20999908447266
2025-05-01,2025-04-30,MA,0.0286137612402434,0.028363876135686916,16.0,543.420166015625
2025-05-01,2025-04-30,VRSN,0.0240284766789438,0.024267621034960146,27.0,275.5202941894531
2025-05-01,2025-04-30,AEM,0.0224894449203099,0.022170224248373692,61.0,111.4115982055664
2025-05-01,2025-04-30,THC,0.0219871486141314,0.021802353757261875,46.0,145.2899932861328
2025-05-01,2025-04-30,EXC,0.0213489002954184,0.02137763620743881,147.0,44.5792236328125
2025-05-01,2025-04-30,BKNG,0.0205883414857851,0.020427590164237446,31.0,201.997314453125
2025-05-01,2025-04-30,ETR,0.0197391323240003,0.020008793107118058,76.0,80.7044448852539
2025-05-01,2025-04-30,CVS,0.0179961471135453,0.017922363742068907,82.0,66.99950408935547
2025-05-01,2025-04-30,DASH,0.0175500490652666,0.01728114869725825,27.0,196.1999969482422
2025-05-01,2025-04-30,CORT,0.016393791027941,0.016555898669814228,71.0,71.4800033569336
2025-05-01,2025-04-30,THG,0.0156790611473791,0.01579472517930191,30.0,161.39161682128906
2025-05-01,2025-04-30,GILD,0.0128642396881936,0.013038219139057321,40.0,99.91908264160156
2025-05-01,2025-04-30,BROS,0.0089338999914084,0.008802052974713566,45.0,59.959999084472656
2025-06-02,2025-05-30,NRG,0.1002220279431539,0.10020030009352145,202.0,156.6976776123047
2025-06-02,2025-05-30,PLTR,0.0864486673644384,0.08652287301822792,207.0,132.0399932861328
2025-06-02,2025-05-30,THC,0.0709887230902441,0.07108605048185677,132.0,170.1199951171875
2025-06-02,2025-05-30,MA,0.0658173353741745,0.06584766779966549,36.0,577.8070068359375
2025-06-02,2025-05-30,NXT,0.060816808895211,0.06073389926336785,347.0,55.290000915527344
2025-06-02,2025-05-30,BKNG,0.0596044486114359,0.05901358911521505,85.0,219.31988525390625
2025-06-02,2025-05-30,ATI,0.0590881220910963,0.059063222379934034,231.0,80.7699966430664
2025-06-02,2025-05-30,AXON,0.0567004025409071,0.05523045184661119,23.0,758.5700073242188
2025-06-02,2025-05-30,DASH,0.0535688141154068,0.0532149164972526,79.0,212.7899932861328
2025-06-02,2025-05-30,RBRK,0.0514036786358203,0.05146500885529521,163.0,99.73999786376953
2025-06-02,2025-05-30,AEM,0.0437105805146424,0.043761603626841186,112.0,123.42982482910156
2025-06-02,2025-05-30,GE,0.0395288345071096,0.038964808722153535,50.0,246.17698669433594
2025-06-02,2025-05-30,UBER,0.0391264869832062,0.03892122032693725,147.0,83.63999938964844
2025-06-02,2025-05-30,ZS,0.0375059126349439,0.03712354266471986,40.0,293.17999267578125
2025-06-02,2025-05-30,BJ,0.0360778703997517,0.03606686762457314,102.0,111.69999694824219
2025-06-02,2025-05-30,VRSN,0.0343137649446302,0.03360312344446971,39.0,272.1823425292969
2025-06-02,2025-05-30,CORT,0.0282340092959362,0.02813680472625255,124.0,71.68000030517578
2025-06-02,2025-05-30,EXC,0.0243310162606941,0.02435047877564228,182.0,42.2650146484375
2025-07-01,2025-06-30,AXON,0.0841068551383757,0.08288872576843088,34.0,775.3800048828125
2025-07-01,2025-06-30,DASH,0.0796370287755347,0.07932370823498491,106.0,238.00999450683594
2025-07-01,2025-06-30,NRG,0.0761530376603134,0.07660073870510777,158.0,154.1962890625
2025-07-01,2025-06-30,ATI,0.0719674383484834,0.07200701155718438,273.0,83.88999938964844
2025-07-01,2025-06-30,BKNG,0.0668513718327097,0.06646570768694102,93.0,227.3069610595703
2025-07-01,2025-06-30,GE,0.061061654102176,0.060748862415216515,78.0,247.70889282226562
2025-07-01,2025-06-30,GEV,0.0608752899794426,0.060292324728224045,38.0,504.63397216796875
2025-07-01,2025-06-30,VRT,0.0576308292815648,0.05734399776488528,149.0,122.40516662597656
2025-07-01,2025-06-30,THC,0.0569117340249725,0.057460077604395685,103.0,177.42999267578125
2025-07-01,2025-06-30,ZS,0.0542294302649906,0.05411040827005467,56.0,307.32000732421875
2025-07-01,2025-06-30,UBER,0.0504109676146661,0.05040252055149271,174.0,92.12999725341797
2025-07-01,2025-06-30,NVDA,0.0476688927085594,0.04765420959245482,99.0,153.09609985351562
2025-07-01,2025-06-30,CCJ,0.0463674652844377,0.046329945298971185,206.0,71.53072357177734
2025-07-01,2025-06-30,PLTR,0.0448081646613658,0.04519638874951128,110.0,130.67999267578125
2025-07-01,2025-06-30,NXT,0.0418927344948067,0.041957423808733074,232.0,57.52000045776367
2025-07-01,2025-06-30,VRSN,0.0379502639550263,0.037706225046880766,42.0,285.53662109375
2025-07-01,2025-06-30,CORT,0.0298948084084487,0.029855091021477837,137.0,69.30999755859375
2025-07-01,2025-06-30,RBRK,0.0276864244510424,0.027853060690773875,104.0,85.18000030517578
2025-08-01,2025-07-31,GEV,0.0975991268768783,0.09652442711248645,48.0,655.0126342773438
2025-08-01,2025-07-31,VRT,0.0858678068798651,0.08597377694599836,198.0,141.43421936035156
2025-08-01,2025-07-31,NVDA,0.0809898361474502,0.08095835837717484,152.0,173.4889373779297
2025-08-01,2025-07-31,NRG,0.0677112781000136,0.0678507670512994,133.0,166.17160034179688
2025-08-01,2025-07-31,TLN,0.065905537395461,0.06498866945003622,56.0,378.010009765625
2025-08-01,2025-07-31,AMD,0.0600045120236992,0.059565535329299285,113.0,171.6999969482422
2025-08-01,2025-07-31,GE,0.0589764213354174,0.059317831276207524,72.0,268.3529968261719
2025-08-01,2025-07-31,DASH,0.0564236051612168,0.057183634730982584,75.0,248.35000610351562
2025-08-01,2025-07-31,WDC,0.0553155655209664,0.05531312657125482,236.0,76.3431167602539
2025-08-01,2025-07-31,NXT,0.0540688539180313,0.05401232643454229,311.0,56.56999969482422
2025-08-01,2025-07-31,ALAB,0.0516649302078131,0.05151800060588246,128.0,131.10000610351562
2025-08-01,2025-07-31,EBAY,0.0482451078038153,0.048107252406592325,173.0,90.57704162597656
2025-08-01,2025-07-31,PLTR,0.0449112441696855,0.04499366963068615,95.0,154.27000427246094
2025-08-01,2025-07-31,CCJ,0.0409641798120214,0.04111739371849371,184.0,72.78827667236328
2025-08-01,2025-07-31,AXON,0.0364010570112564,0.03647079197152244,16.0,742.469970703125
2025-08-01,2025-07-31,ZS,0.0338251055245009,0.034417784114213076,40.0,280.2699890136719
2025-08-01,2025-07-31,RBRK,0.0300059970624821,0.029869037291742437,111.0,87.6500015258789
2025-08-01,2025-07-31,ATI,0.0274809467864829,0.02755756123588382,117.0,76.72000122070312
2025-09-02,2025-08-29,ALAB,0.0999791709393473,0.10004898102072611,186.0,174.24000549316406
2025-09-02,2025-08-29,WDC,0.0889623962070086,0.08902011744352231,353.0,81.68862915039062
2025-09-02,2025-08-29,P,0.07600018093324,0.07605233144955773,318.0,77.47000122070312
2025-09-02,2025-08-29,NVDA,0.0730649669185816,0.07318559505056321,139.0,170.55284118652344
2025-09-02,2025-08-29,KGC,0.0714707441350363,0.07149427906232787,1082.0,21.40386390686035
2025-09-02,2025-08-29,GEV,0.0654085573688861,0.06606277419687734,37.0,578.3666381835938
2025-09-02,2025-08-29,TER,0.0637588174410552,0.06350690157493033,171.0,120.30203247070312
2025-09-02,2025-08-29,TLN,0.0573724948839935,0.05790643087149268,50.0,375.1499938964844
2025-09-02,2025-08-29,LITE,0.0550477687782444,0.05483435481386098,134.0,132.55499267578125
2025-09-02,2025-08-29,VRT,0.0511696482704147,0.051243080916046034,134.0,123.87355041503906
2025-09-02,2025-08-29,GE,0.0486784922760089,0.049121222279074915,58.0,274.3401184082031
2025-09-02,2025-08-29,NXT,0.0449841015228568,0.04510783777595888,219.0,66.72000122070312
2025-09-02,2025-08-29,EBAY,0.0421659884234781,0.04232555368324989,154.0,89.0287094116211
2025-09-02,2025-08-29,AMD,0.0378997612887802,0.03808355618519864,76.0,162.32000732421875
2025-09-02,2025-08-29,PLTR,0.0339739652812355,0.03443172077671798,71.0,157.08999633789062
2025-09-02,2025-08-29,CCJ,0.031364738163952,0.031603305340894165,136.0,75.2734375
2025-09-02,2025-08-29,DASH,0.0284770136442756,0.028635398834976334,38.0,244.10000610351562
2025-09-02,2025-08-29,ZS,0.0265893673698643,0.02712407415859118,32.0,274.57000732421875
2025-10-01,2025-09-30,WDC,0.1265665621407305,0.12650542578572174,368.0,130.38865661621094
2025-10-01,2025-09-30,TER,0.0873049087824091,0.08729800327405701,235.0,140.90127563476562
2025-10-01,2025-09-30,NVDA,0.0820323724038979,0.0818417158601921,166.0,187.0015106201172
2025-10-01,2025-09-30,CIEN,0.0765213162236345,0.07640076865180458,191.0,151.72000122070312
2025-10-01,2025-09-30,KGC,0.0727663889458377,0.07241009195993271,1082.0,25.38343048095703
2025-10-01,2025-09-30,LITE,0.0648104862008005,0.0646202096608171,143.0,171.39999389648438
2025-10-01,2025-09-30,VRT,0.0620543030129943,0.061723180155782535,145.0,161.45770263671875
2025-10-01,2025-09-30,ALAB,0.0540104743397709,0.05435593793682129,106.0,194.5
2025-10-01,2025-09-30,NXT,0.0518196689278437,0.051836009399021284,260.0,75.62000274658203
2025-10-01,2025-09-30,GE,0.0478989124940133,0.04747200133834624,60.0,300.0991516113281
2025-10-01,2025-09-30,GEV,0.0441138692041939,0.04464518525559934,28.0,604.7767333984375
2025-10-01,2025-09-30,P,0.0421718531619356,0.04224674807166822,187.0,85.69000244140625
2025-10-01,2025-09-30,TLN,0.0400134891307173,0.04052674446901344,36.0,426.989990234375
2025-10-01,2025-09-30,PLTR,0.0379730090849348,0.037546250801577016,77.0,184.9499969482422
2025-10-01,2025-09-30,DASH,0.0303668115483823,0.03034177780969771,43.0,267.6400146484375
2025-10-01,2025-09-30,AMD,0.0276696489921725,0.028106398135426026,65.0,164.00999450683594
2025-10-01,2025-09-30,EBAY,0.0258977386209488,0.026070541987010778,114.0,86.74085235595703
2025-10-01,2025-09-30,CCJ,0.0223281142569542,0.02240842621069407,102.0,83.32775115966797
2025-11-03,2025-10-31,WDC,0.1056877476646507,0.1060693629311785,290.0,157.77638244628906
2025-11-03,2025-10-31,TER,0.0890993175684127,0.08940791316338065,211.0,182.7862548828125
2025-11-03,2025-10-31,NXT,0.082498350177039,0.08258917484390428,351.0,101.5
2025-11-03,2025-10-31,MU,0.0697682158782177,0.06958493388872784,128.0,234.5067138671875
2025-11-03,2025-10-31,CIEN,0.0696208127028426,0.06987048970015315,159.0,189.55999755859375
2025-11-03,2025-10-31,AMD,0.0663165126984207,0.06621112547836293,110.0,259.6499938964844
2025-11-03,2025-10-31,NVDA,0.0578490876710566,0.05795625423755023,121.0,206.61648559570312
2025-11-03,2025-10-31,P,0.0576058862190687,0.057600654384352835,252.0,98.5999984741211
2025-11-03,2025-10-31,LRCX,0.0504138527095679,0.050282434708456704,135.0,160.66917419433594
2025-11-03,2025-10-31,FSLR,0.0463901406322697,0.046197568401447855,75.0,265.7099914550781
2025-11-03,2025-10-31,GOOGL,0.0462116439708454,0.045950373383361165,70.0,283.16595458984375
2025-11-03,2025-10-31,LITE,0.0444428235022946,0.044878540514994625,97.0,199.5800018310547
2025-11-03,2025-10-31,CCJ,0.0367484592920463,0.036633694735421066,157.0,100.65401458740234
2025-11-03,2025-10-31,VRT,0.0341726340889152,0.03458046019955264,78.0,191.2432861328125
2025-11-03,2025-10-31,KGC,0.0340984794400597,0.034139541211912816,631.0,23.338790893554688
2025-11-03,2025-10-31,ALAB,0.0321482978523358,0.0324173605489429,73.0,191.55999755859375
2025-11-03,2025-10-31,PLTR,0.0296688922527289,0.029777584877382066,62.0,207.17999267578125
2025-11-03,2025-10-31,GE,0.0255533164402019,0.025689046125837903,36.0,307.8190612792969
2025-12-01,2025-11-28,WDC,0.1060741235350775,0.10633968033156561,278.0,163.287841796875
2025-12-01,2025-11-28,MU,0.0905301182334,0.09005373066718711,160.0,240.261962890625
2025-12-01,2025-11-28,CIEN,0.0814868731185221,0.08142653873170734,173.0,200.9199981689453
2025-12-01,2025-11-28,TER,0.0783114910349154,0.07862699516656127,187.0,179.48715209960938
2025-12-01,2025-11-28,GOOGL,0.0665809080925967,0.06625965468054935,90.0,314.27508544921875
2025-12-01,2025-11-28,LITE,0.0641636585272907,0.0647958898192744,87.0,317.92999267578125
2025-12-01,2025-11-28,FSLR,0.0601921721069642,0.05988457828509461,97.0,263.5400085449219
2025-12-01,2025-11-28,RVMD,0.0599056322993591,0.05984058486983933,337.0,75.80000305175781
2025-12-01,2025-11-28,LRCX,0.0574101578754964,0.05745085418738418,159.0,154.24200439453125
2025-12-01,2025-11-28,KGC,0.0515372886880755,0.05151558626463582,778.0,28.265869140625
2025-12-01,2025-11-28,AVGO,0.0478207497261981,0.047667548893690376,53.0,383.92840576171875
2025-12-01,2025-11-28,SEB,0.0438649261727949,0.03298048150692214,3.0,4692.87548828125
2025-12-01,2025-11-28,NXT,0.0395807424441661,0.03973823709244282,194.0,87.44000244140625
2025-12-01,2025-11-28,AMD,0.0370497899207491,0.0375809886753633,73.0,219.75999450683594
2025-12-01,2025-11-28,VRT,0.0330223046345163,0.0327328709768461,78.0,179.1400909423828
2025-12-01,2025-11-28,P,0.029450064448595,0.02966342701038413,143.0,88.55000305175781
2025-12-01,2025-11-28,CCJ,0.0264222378543997,0.026451075693305487,129.0,87.52999877929688
2025-12-01,2025-11-28,GE,0.0231453095400144,0.023588848947299488,35.0,287.701416015625
2026-01-02,2025-12-31,MU,0.1117152978010533,0.1115552377455667,166.0,315.2875671386719
2026-01-02,2025-12-31,RVMD,0.086901655775013,0.08690839733069274,516.0,79.0199966430664
2026-01-02,2025-12-31,WDC,0.0809604394835895,0.08115482162621386,203.0,187.56130981445312
2026-01-02,2025-12-31,TER,0.0751148701353485,0.07559085788833655,171.0,207.39492797851562
2026-01-02,2025-12-31,CIEN,0.0695956470364857,0.0697537706449173,133.0,246.05999755859375
2026-01-02,2025-12-31,LRCX,0.0646723810242398,0.06456625685976562,164.0,184.70843505859375
2026-01-02,2025-12-31,GOOGL,0.0594765640045263,0.05970592478977672,89.0,314.7403259277344
2026-01-02,2025-12-31,SEB,0.053004662366498,0.047095561553059544,5.0,4419.111328125
2026-01-02,2025-12-31,ASTS,0.0524898654135841,0.052484065464243196,295.0,83.47000122070312
2026-01-02,2025-12-31,AMD,0.0497375318238649,0.04953676064235324,104.0,223.47000122070312
2026-01-02,2025-12-31,LITE,0.0468538650237623,0.04690951271318961,57.0,386.1099853515625
2026-01-02,2025-12-31,EXPE,0.0457650755496259,0.04563737981063641,76.0,281.7293395996094
2026-01-02,2025-12-31,FSLR,0.042150443696972,0.04268615345483874,73.0,274.3399963378906
2026-01-02,2025-12-31,AVGO,0.0377951379054354,0.03838718173054961,52.0,346.3441467285156
2026-01-02,2025-12-31,NXT,0.0347231969927185,0.03480503405037566,176.0,92.77999877929688
2026-01-02,2025-12-31,KGC,0.033012891446636,0.033089228847636765,550.0,28.22597312927246
2026-01-02,2025-12-31,CCJ,0.0290100003456334,0.028990439751832464,138.0,98.55999755859375
2026-01-02,2025-12-31,VRT,0.0233470248717373,0.023570626306904544,63.0,175.5316925048828
2026-02-02,2026-01-30,MU,0.135,0.13468942062794592,171.0,437.61614990234375
2026-02-02,2026-01-30,WDC,0.134592140513611,0.13462829846327343,277.0,270.03033447265625
2026-02-02,2026-01-30,LRCX,0.0894052777013564,0.08917191150068064,209.0,237.04879760742188
2026-02-02,2026-01-30,TER,0.0743266180563145,0.07449538108118293,166.0,249.33154296875
2026-02-02,2026-01-30,ASTS,0.0670437068325243,0.06699124997262174,356.0,104.55000305175781
2026-02-02,2026-01-30,RVMD,0.0586558051574037,0.058758517974306326,336.0,97.16000366210938
2026-02-02,2026-01-30,SEB,0.0541996300819597,0.046186734179507215,5.0,5132.19580078125
2026-02-02,2026-01-30,ONTO,0.0491722735543707,0.04918726347635096,135.0,202.42999267578125
2026-02-02,2026-01-30,AVT,0.0472006319483432,0.047191490580383084,418.0,62.72539138793945
2026-02-02,2026-01-30,CIB,0.044748458110818,0.04465768917459407,311.0,79.77959442138672
2026-02-02,2026-01-30,NXT,0.0412161315883839,0.04119713854926799,198.0,115.5999984741211
2026-02-02,2026-01-30,AMAT,0.0411091542957256,0.04068322953207332,69.0,327.5837097167969
2026-02-02,2026-01-30,LITE,0.0323428797030667,0.03277056058345265,43.0,423.4200134277344
2026-02-02,2026-01-30,KGC,0.0281514108916207,0.028232413552712932,498.0,31.497394561767578
2026-02-02,2026-01-30,CCJ,0.0268394854438143,0.027045476677780754,125.0,120.20999908447266
2026-02-02,2026-01-30,CIEN,0.0254737711115279,0.025612265914214383,53.0,268.489990234375
2026-02-02,2026-01-30,EXPE,0.0243771881118173,0.02479213041272636,50.0,275.4861755371094
2026-02-02,2026-01-30,GOOGL,0.0233317246793518,0.02347629747779224,38.0,343.24322509765625
2026-03-02,2026-02-27,LITE,0.0901949593488149,0.0899387761105984,66.0,783.25
2026-03-02,2026-02-27,WDC,0.0837622419228051,0.08404792831097259,179.0,269.8804016113281
2026-03-02,2026-02-27,CIEN,0.0802398997476096,0.08000514085678079,130.0,353.7300109863281
2026-03-02,2026-02-27,MU,0.0749629966581054,0.07535506491856388,105.0,412.4967346191406
2026-03-02,2026-02-27,AMAT,0.0691019717381036,0.06855229035042947,106.0,371.7178955078125
2026-03-02,2026-02-27,TER,0.0636350756118531,0.06403363121250813,113.0,325.70697021484375
2026-03-02,2026-02-27,LRCX,0.0590250579277358,0.05936773283873591,148.0,230.56114196777344
2026-03-02,2026-02-27,SNDK,0.0588169807707278,0.05277709724492655,49.0,619.0800170898438
2026-03-02,2026-02-27,KGC,0.0560840336457742,0.056115626348649354,879.0,36.69376754760742
2026-03-02,2026-02-27,TPL,0.0546386053284522,0.054515850509737326,59.0,531.0900268554688
2026-03-02,2026-02-27,RVMD,0.048741221023761,0.048973552178300524,277.0,101.62000274658203
2026-03-02,2026-02-27,NXT,0.0461531879880463,0.04619607872796587,256.0,103.72000122070312
2026-03-02,2026-02-27,AVT,0.0422722357858496,0.042339452088068406,378.0,64.37997436523438
2026-03-02,2026-02-27,ONTO,0.0392840429533944,0.039454093610737775,104.0,218.0500030517578
2026-03-02,2026-02-27,SEB,0.0367255535121697,0.04506042837106286,5.0,5179.91552734375
2026-03-02,2026-02-27,CCJ,0.0343749012264843,0.03434596597345212,157.0,125.73999786376953
2026-03-02,2026-02-27,ASTS,0.0321299484099013,0.03221083226035912,213.0,86.91999816894531
2026-03-02,2026-02-27,CIB,0.0257785534892999,0.025817939041957453,230.0,64.51951599121094
2026-04-01,2026-03-31,SNDK,0.0498168145040334,0.050680051769143274,42.0,692.72998046875
2026-04-01,2026-03-31,CIEN,0.0435564587890092,0.044137696417815224,61.0,415.3900146484375
2026-04-01,2026-03-31,NXT,0.0412570944935333,0.041518656812873485,198.0,120.37999725341797
2026-04-01,2026-03-31,WDC,0.0372119703508355,0.0373306599579019,72.0,297.65240478515625
2026-04-01,2026-03-31,LITE,0.0340613990570583,0.034630585193125375,26.0,764.6500244140625
2026-04-01,2026-03-31,SEB,0.0321082473020179,0.0401226902348265,4.0,5758.458984375
2026-04-01,2026-03-31,TPL,0.0304131103602857,0.030601739265192215,40.0,439.20001220703125
2026-04-01,2026-03-31,PR,0.0295425646205549,0.029566493811591,831.0,20.425609588623047
2026-04-01,2026-03-31,AMAT,0.0280813915646563,0.02831390941493648,46.0,353.3606872558594
2026-04-01,2026-03-31,RVMD,0.0258489676681574,0.025945006502737455,151.0,98.63999938964844
2026-04-01,2026-03-31,LRCX,0.0239624312152762,0.0243461912155385,63.0,221.8537139892578
2026-04-01,2026-03-31,TER,0.0214025065316537,0.02174466397948577,40.0,312.0821533203125
2026-04-01,2026-03-31,CCJ,0.0203764962178121,0.02051922456926534,106.0,111.12999725341797
2026-04-01,2026-03-31,CIB,0.0189190490458007,0.018983700035559655,152.0,71.69906616210938
2026-04-01,2026-03-31,AVT,0.0174169403344053,0.017467255279747698,160.0,62.67306137084961
2026-04-01,2026-03-31,MU,0.0158977993181741,0.01601896866832973,25.0,367.8500061035156
2026-04-01,2026-03-31,KGC,0.0146042422965627,0.014648509946836679,263.0,31.975248336791992
2026-04-01,2026-03-31,ONTO,0.0133240119113384,0.013645435080642582,37.0,211.72000122070312
2026-05-01,2026-04-30,SNDK,0.1050655693201441,0.10439286095499131,56.0,1187.0
2026-05-01,2026-04-30,WDC,0.0955085948353146,0.09552979786785576,141.0,431.4075012207031
2026-05-01,2026-04-30,CIEN,0.076230394087201,0.07565953637941986,90.0,535.2899780273438
2026-05-01,2026-04-30,MU,0.0724771619301044,0.07237999024757062,85.0,542.2100219726562
2026-05-01,2026-04-30,MRVL,0.0723505128659737,0.07227507799928391,279.0,164.9499969482422
2026-05-01,2026-04-30,ONTO,0.0608302678841578,0.06072325320008165,132.0,292.9200134277344
2026-05-01,2026-04-30,STM,0.0595621061832623,0.05955724860110434,681.0,55.68721008300781
2026-05-01,2026-04-30,LITE,0.056126756057194,0.055198258767120194,37.0,949.9299926757812
2026-05-01,2026-04-30,UI,0.0542940973229367,0.05278151910820498,33.0,1018.4410400390625
2026-05-01,2026-04-30,PR,0.0522886334552674,0.052343328049276217,1521.0,21.91291046142578
2026-05-01,2026-04-30,ON,0.0513064039930202,0.05129263507571519,317.0,103.02999877929688
2026-05-01,2026-04-30,RVMD,0.0491125285847084,0.04906728155008515,224.0,139.47999572753906
2026-05-01,2026-04-30,AMAT,0.0399929553396307,0.039668404656232975,65.0,388.5968933105469
2026-05-01,2026-04-30,LRCX,0.0365682996541039,0.03626005247867767,90.0,256.5392761230469
2026-05-01,2026-04-30,AVT,0.0325467028936502,0.03250653565103207,258.0,80.22669982910156
2026-05-01,2026-04-30,TER,0.0303800059301987,0.030367119153793618,56.0,345.28961181640625
2026-05-01,2026-04-30,TPL,0.0274735935218095,0.02723963886001478,40.0,433.6199951171875
2026-05-01,2026-04-30,SEB,0.0244752191282798,0.02625295953669701,3.0,5572.177734375
2026-06-01,2026-05-29,WDC,0.0991008918329876,0.09992973010989639,137.0,546.0576171875
2026-06-01,2026-05-29,MU,0.0942916358603922,0.09544097594882438,69.0,1035.5
2026-06-01,2026-05-29,SNDK,0.0881688500272593,0.08940970795998512,38.0,1761.4300537109375
2026-06-01,2026-05-29,FSLR,0.069365988002293,0.06921088722575298,171.0,303.0
2026-06-01,2026-05-29,UMC,0.068810360310317,0.06888785316034039,2253.0,22.889999389648438
2026-06-01,2026-05-29,APP,0.0658533394669627,0.06558156807797899,80.0,613.7000122070312
2026-06-01,2026-05-29,LRCX,0.0602888308371473,0.06010932065185989,142.0,316.8967590332031
2026-06-01,2026-05-29,AMD,0.0581084851923483,0.05792092274652034,85.0,510.1300048828125
2026-06-01,2026-05-29,STM,0.0491263541153976,0.049269139845676914,535.0,68.9422607421875
2026-06-01,2026-05-29,CIEN,0.0483765882699845,0.04869599516270255,64.0,569.6099853515625
2026-06-01,2026-05-29,MRVL,0.0478295588059157,0.048070154097101754,164.0,219.42999267578125
2026-06-01,2026-05-29,RVMD,0.0419446510537271,0.042197680895523226,193.0,163.67999267578125
2026-06-01,2026-05-29,TER,0.0403143447121968,0.03997604990273825,81.0,369.4700012207031
2026-06-01,2026-05-29,ON,0.0366689595672232,0.03682719628870905,228.0,120.91999816894531
2026-06-01,2026-05-29,AVT,0.0322205728075217,0.03216705412330813,278.0,86.62252044677734
2026-06-01,2026-05-29,LITE,0.0290564521850047,0.030222074064089346,25.0,905.0
2026-06-01,2026-05-29,AMAT,0.026268486176782,0.026316661543849075,43.0,458.1700134277344
2026-06-01,2026-05-29,ONTO,0.0182929844222795,0.01844493635973945,54.0,255.7100067138672
