portfolio_kind,weekly_signal_date,ticker,leader_rank,target_weight_after,leader_overlay_weight,weekly_leader_score,weekly_ret_4w,weekly_rs_4w,weekly_dollar_vol_20d,regime_state
main,2019-05-03,QCOM,1,0.18149958351260967,0.18149958351260967,4.284201619995016,0.539748474620152,0.5208276243763965,1954613300.4393575,bull
main,2019-05-03,SHOP,2,0.11557453462965764,0.11557453462965764,3.8864253721363693,0.34263913799678836,0.3237182877530329,416798104.45013046,bull
main,2019-05-03,MELI,3,0.03462574518500942,0.0029258818577327064,2.56518477278079,0.1513174811858844,0.13239663094212895,262553214.91012573,bull
main,2019-05-10,QCOM,1,0.2629458146866163,0.2629458146866163,4.394840400133445,0.5072865027809654,0.5143857752590664,1954613300.4393575,bull
main,2019-05-10,SHOP,2,0.032940986849221136,0.032940986849221136,3.1034631429598853,0.20481309217324717,0.2119123646513481,416798104.45013046,bull
main,2019-05-10,MELI,3,0.03581306179143921,0.004113198464162498,2.6459761187436777,0.10568468842242829,0.11278396090052922,262553214.91012573,bull
main,2019-05-17,SHOP,1,0.1712373260469078,0.1712373260469078,3.087673427666235,0.2391264841210552,0.2535393335031113,416798104.45013046,bull
main,2019-05-17,ZS,2,0.10413678009451421,0.10413678009451421,2.94253211655402,0.2560178780565392,0.2704307274385953,136932702.5641632,bull
main,2019-05-17,MELI,3,0.05632575718585467,0.024625893858577965,2.6784339208810617,0.16782521813865592,0.18223806752071203,262553214.91012573,bull
main,2019-05-24,SHOP,1,0.16734516376067163,0.16734516376067163,3.206586534329288,0.24100226242363698,0.27723179462080216,416798104.45013046,bull
main,2019-05-24,MELI,2,0.1381019933160279,0.1064021299887512,3.0786987350706694,0.21047148449829556,0.24670101669546074,262553214.91012573,bull
main,2019-05-24,SE,3,0.02625270625057718,0.02625270625057718,2.8253973448095655,0.17377693411502526,0.21000646631219044,98959105.69760324,bull
main,2019-06-07,SHOP,1,0.09700043778160045,0.06020043778160042,3.1965868599625424,0.1785728023854718,0.18013460108558776,498288152.3077965,bear
main,2019-06-07,HEI,2,0.012736229144175831,0.012736229144175831,2.8024378342729888,0.22381635095581265,0.22537814965592862,65979089.74479675,bear
main,2019-06-07,MKTX,3,0.0070633330742237484,0.0070633330742237484,2.716734544126237,0.19099474245510772,0.1925565411552237,112550641.096344,bear
main,2019-06-14,HEI,1,0.06686679599108915,0.06686679599108915,3.051404115687297,0.22328876296766786,0.2113237265306973,65979089.74479675,bear
main,2019-06-14,SHOP,2,0.04993320400891088,0.013133204008910849,2.737299153107246,0.1155758410971488,0.10361080466017825,498288152.3077965,bear
main,2019-06-21,SHOP,1,0.10871497675512315,0.07191497675512312,3.5517225096805918,0.18488317774457008,0.1401488988830064,498288152.3077965,bear
main,2019-06-21,HEI,2,0.008085023244876874,0.008085023244876874,3.05611711012895,0.23206208238011117,0.1873278035185475,65979089.74479675,bear
main,2019-07-05,SE,1,0.2,0.2,2.848701744947909,0.1575364227846856,0.11490959901862241,114521502.2890091,neutral
main,2019-07-12,PAGS,1,0.12155894530010616,0.12155894530010616,3.094497389724835,0.22425415053593434,0.17982278404939223,70564994.94782448,neutral
main,2019-07-12,SE,2,0.06407197154502273,0.06407197154502273,2.8952654298155354,0.17389850613089108,0.12946713964434897,114521502.2890091,neutral
main,2019-07-12,SRPT,3,0.014369083154871096,0.014369083154871096,2.617355873777015,0.3055114702845707,0.2610801037980286,180464945.94169617,neutral
main,2019-07-19,PAGS,1,0.18664858314437463,0.18664858314437463,3.768917390680303,0.21415270796329033,0.2033705027071544,70564994.94782448,neutral
main,2019-07-19,MKTX,2,0.00788631613794033,0.00788631613794033,2.6082227932227595,0.10192767691617166,0.09114547166003573,238450200.9817505,neutral
main,2019-07-19,RGLD,3,0.005465100717685037,0.005465100717685037,2.5579071084658866,0.19152648279179907,0.18074427753566313,41034461.99710846,neutral
main,2019-07-26,PAGS,1,0.1261485095498868,0.1261485095498868,3.308805406941235,0.2399282077735454,0.20917733019944684,70564994.94782448,neutral
main,2019-07-26,MANH,2,0.05928062725521142,0.05928062725521142,3.0774701023408273,0.2756382533627988,0.24488737578870023,32703889.866027832,neutral
main,2019-07-26,SHOP,3,0.05561047801776535,0.014570863194901779,2.8232109801010896,0.12123938074174534,0.09048850316764678,591676797.0399857,neutral
main,2019-08-02,PAGS,1,0.2,0.2,2.822251530082109,0.1266354201786175,0.1462028868790205,109687528.97716522,neutral
main,2019-08-09,PODD,1,0.11620862659779524,0.11620862659779524,2.8451467131796684,0.266611206308472,0.29664612813272273,45622145.08953095,neutral
main,2019-08-09,SHOP,2,0.13655509248911077,0.08379137340220479,2.8007319805336324,0.19331004344352154,0.22334496526777226,566620882.9332352,neutral
main,2019-08-16,PAGS,1,0.10557354446866048,0.10557354446866048,2.4372763821711994,0.1292725685026077,0.15726979994333967,109687528.97716522,neutral
main,2019-08-16,PODD,2,0.09442645553133953,0.09442645553133953,2.4229316160880914,0.23991093309819922,0.2679081645389312,45622145.08953095,neutral
main,2019-08-23,PODD,1,0.1291291183445764,0.1291291183445764,2.5474131441648327,0.24276150490132764,0.2995809095625007,45622145.08953095,neutral
main,2019-08-23,SHOP,2,0.1236346007423296,0.07087088165542361,2.459956344256405,0.1373091546161873,0.1941285592773604,566620882.9332352,neutral
main,2019-09-06,ROKU,1,0.1998960034663929,0.1700670129433842,4.405078831908747,0.35541015818696065,0.33336074124582615,1603914758.8199615,neutral
main,2019-09-06,PDD,2,0.025115118334220855,0.025115118334220855,3.490545118926513,0.5477875642390366,0.5257381472979021,277551471.1699581,neutral
main,2019-09-06,TGT,3,0.0048178687223949645,0.0048178687223949645,3.1697501428270902,0.3432083510888606,0.3211589341477261,677143078.8030243,neutral
main,2019-09-13,PDD,1,0.18631488618769645,0.18631488618769645,3.529003787191967,0.4354258775424229,0.39305099621202544,277551471.1699581,neutral
main,2019-09-13,MU,2,0.007426337622241928,0.007426337622241928,2.437310955645785,0.15958664444093174,0.11721176311053427,907093334.0069008,neutral
main,2019-09-13,TGT,3,0.006258776190061637,0.006258776190061637,2.4149890091830315,0.29224041469708384,0.24986553336668638,677143078.8030243,neutral
main,2019-10-04,RNG,1,0.2,0.2,2.690321284445471,0.20418850351136686,0.21204220542224617,101583757.56637572,neutral
main,2019-10-11,RNG,1,0.2,0.2,3.3396174535359195,0.3640581582452911,0.37548950332874786,101583757.56637572,neutral
main,2019-10-18,RNG,1,0.2,0.2,2.651699555343298,0.21046722896433878,0.21150621472522735,101583757.56637572,neutral
main,2019-10-25,PDD,1,0.17555004279341266,0.17555004279341266,3.946778428516103,0.3056265746830329,0.284637907059458,265547841.51888847,neutral
main,2019-10-25,RNG,2,0.020960171694656818,0.020960171694656818,2.786332396362623,0.29479206528788393,0.27380339766430906,101583757.56637572,neutral
main,2019-10-25,TAL,3,0.0034897855119305444,0.0034897855119305444,2.423646252173401,0.276280660049931,0.25529199242635614,71972141.42051697,neutral
main,2019-11-01,PDD,1,0.2,0.2,2.9471475664180047,0.24407806826924383,0.2040236457311808,213945681.7491722,neutral
main,2019-11-08,PDD,1,0.1855270114079132,0.1855270114079132,3.082173035702319,0.3155812154372879,0.2728510924556222,213945681.7491722,neutral
main,2019-11-08,QRVO,2,0.014472988592086818,0.014472988592086818,2.4370876359883074,0.3448810767150605,0.30215095373339484,86124850.15247345,neutral
main,2019-11-15,UI,1,0.12049918277513882,0.12049918277513882,3.187749425488208,0.492291104001223,0.44591078838640863,25606920.428199768,neutral
main,2019-11-15,PDD,2,0.06468065194308542,0.06468065194308542,2.9971640424702657,0.28100649949882106,0.2346261838840067,213945681.7491722,neutral
main,2019-11-15,QRVO,3,0.014820165281775748,0.014820165281775748,2.7248873086956094,0.3371569132209675,0.29077659760615315,86124850.15247345,neutral
main,2019-11-22,UI,1,0.1848926343514784,0.1848926343514784,3.355132147691578,0.503947596805939,0.4729131865625442,25606920.428199768,neutral
main,2019-11-22,QRVO,2,0.015107365648521616,0.015107365648521616,2.7305402624835207,0.287269115945078,0.25623470570168316,86124850.15247345,neutral
main,2019-12-06,UI,1,0.17691181128014027,0.17691181128014027,2.7834906245292013,0.11573143099015004,0.09653651577273425,51426547.08415985,bull
main,2019-12-06,DXCM,2,0.10282023182889688,0.08571663608865128,2.6181732083599534,0.13469301509062492,0.11549809987320914,284901572.3422241,bull
main,2019-12-06,QGEN,3,0.03737155263120842,0.03737155263120842,2.489554562829791,0.3226828217341793,0.3034879065167635,121942529.18442908,bull
main,2019-12-13,SWKS,1,0.1509775270089902,0.1509775270089902,2.9665087033231976,0.13018444369123805,0.11244826000590513,202058473.79253387,bull
main,2019-12-13,QRVO,2,0.08448208584816355,0.08448208584816355,2.8701684010974513,0.09310846903237957,0.07537228534704665,221136085.97862244,bull
main,2019-12-13,SRPT,3,0.06454038714284624,0.06454038714284624,2.834141724765704,0.35491488089697754,0.3371786972116446,136640031.88980103,bull
main,2019-12-20,SWKS,1,0.22990516769728972,0.22990516769728972,3.6601294205176873,0.22071367827047617,0.18422404321538965,202058473.79253387,bull
main,2019-12-20,QRVO,2,0.05892311055917878,0.05892311055917878,3.1001682505832893,0.14697204845490508,0.11048241339981857,221136085.97862244,bull
main,2019-12-20,AMD,3,0.011171721743531503,0.011171721743531503,2.7760216652648233,0.12771391583969427,0.09122428078460776,2293040365.97744,bull
main,2019-12-27,SWKS,1,0.22046727287870563,0.22046727287870563,4.174873579885115,0.2496423194194881,0.21738993079358493,202058473.79253387,bull
main,2019-12-27,AMD,2,0.07233030907669064,0.07233030907669064,3.583959754434659,0.17956573449045488,0.1473133458645517,2293040365.97744,bull
main,2019-12-27,QRVO,3,0.0072024180446037004,0.0072024180446037004,3.0417120189147564,0.12119755651451536,0.08894516788861218,221136085.97862244,bull
main,2020-01-03,TSLA,1,0.14204052812223428,0.11956590046995433,4.842773899164586,0.31891388286424593,0.2899332333875999,3898156448.3254914,neutral
main,2020-01-03,AMD,2,0.1046127136119159,0.07724039147944675,4.542570464045869,0.22634360747526627,0.19736295799862025,2020307818.3190155,neutral
main,2020-01-03,SWKS,3,0.0031937080505989317,0.0031937080505989317,3.563109808480546,0.17057997792494084,0.14159932844829481,207136990.63926697,neutral
main,2020-01-10,TSLA,1,0.19378638509174234,0.1713117574394624,4.846023662335924,0.3341610626761098,0.3026744201729654,3898156448.3254914,neutral
main,2020-01-10,AMD,2,0.05393375192163718,0.026561429789168034,3.485790999142813,0.17059529484225133,0.13910865233910696,2020307818.3190155,neutral
main,2020-01-10,AAPL,3,0.049232013270861866,0.0021268127713695837,2.8523020869151545,0.12785702566641444,0.09637038316327007,7674653210.266647,neutral
main,2020-01-17,TSLA,1,0.2011570643788674,0.17868243672658746,4.720698174282389,0.258660204094157,0.22367727169455698,3898156448.3254914,neutral
main,2020-01-17,AMD,2,0.04591406994009774,0.018541747807628597,3.3610375334668876,0.15356735096198637,0.11858441856238633,2020307818.3190155,neutral
main,2020-01-17,AAPL,3,0.049881015965276256,0.002775815465783982,2.964907322102314,0.1406029004776388,0.10561996807803875,7674653210.266647,neutral
main,2020-01-24,TSLA,1,0.21073161393607298,0.18825698628379303,4.574356027014678,0.3123751443457834,0.29406984782852685,3898156448.3254914,neutral
main,2020-01-24,AMD,2,0.03677968394096665,0.009407361808497508,2.8316277097475213,0.09029879041551125,0.07199349389825471,2020307818.3190155,neutral
main,2020-01-24,AAPL,3,0.049440852407201745,0.002335651907709464,2.5798979367653874,0.09837775179980768,0.08007245528255114,7674653210.266647,neutral
main,2020-02-07,TSLA,1,0.22466937495542433,0.19817190428504078,4.758340520722866,0.5645090511001489,0.5445828373104282,10654304375.333546,neutral
main,2020-02-07,SHOP,2,0.03203624519055524,0.0018280957149592215,2.405415940153648,0.11538550423921423,0.09545929044949353,814594726.6700745,neutral
main,2020-02-14,TSLA,1,0.21927069059755475,0.1927732199271712,4.759485540694482,0.5671499189498246,0.5501293563936338,10654304375.333546,neutral
main,2020-02-14,SHOP,2,0.034984219285310265,0.004776069809714241,2.891224857519558,0.16782454404856728,0.1508039814923765,814594726.6700745,neutral
main,2020-02-14,RNG,3,0.04150837372328013,0.0024507102631145788,2.7922216993654265,0.25662296107769156,0.23960239852150078,167421378.61686707,neutral
main,2020-02-21,TSLA,1,0.19708297010782774,0.1705854994374442,4.760398476028951,0.5951984333820115,0.5808722933871713,10654304375.333546,neutral
main,2020-02-21,ENPH,2,0.02525242299238849,0.02525242299238849,3.775692782883478,0.8070336016492556,0.7927074616544154,158411621.7467785,neutral
main,2020-02-21,ZG,3,0.004162077570167306,0.004162077570167306,3.409897367360821,0.36446841594119705,0.35014227594635683,23355220.193748478,neutral
main,2020-03-06,ENPH,1,0.06704014358754491,0.06704014358754491,4.549958813175388,0.39421814193862215,0.4987939051924267,442598110.55150986,bear
main,2020-03-06,MRNA,2,0.011544326662260485,0.011544326662260485,3.543430450583332,0.2740964243532311,0.3786721876070357,402874276.8877506,bear
main,2020-03-06,DXCM,3,0.0014155297501946182,0.0014155297501946182,3.079485359902661,0.19290648614773565,0.2974822494015402,326665969.4547272,bear
main,2020-03-13,DPZ,1,0.10205146941432924,0.08,2.4263678832638553,0.08838897618005803,0.2906399665467764,397861979.3052673,bear
main,2020-03-20,MRNA,1,0.07605153930694038,0.07605153930694038,4.203959536219009,0.5469007938044126,0.8567682277116275,402874276.8877506,bear
main,2020-03-20,CLX,2,0.0026607088449310213,0.0026607088449310213,2.6420899868681595,0.07750208389902746,0.3873695178062424,228481967.53990173,bear
main,2020-03-20,GILD,3,0.0012877518481285936,0.0012877518481285936,2.532735894994307,0.06086413463527651,0.37073156854249145,1259372681.325703,bear
main,2020-03-27,MRNA,1,0.08,0.08,3.1798124265811074,0.15888927433072153,0.2984620929420162,402874276.8877506,bear
main,2020-05-01,SHOP,1,0.10267736563799112,0.049015677680750935,3.510668542687094,0.7157556119194759,0.5763464032684831,2295725044.6899414,bear
main,2020-05-01,MRNA,2,0.02892545722033662,0.026723620467509816,3.2888298636846356,0.3757175687502279,0.23630836009923506,665882752.8649712,bear
main,2020-05-01,ETSY,3,0.004260701851739259,0.004260701851739259,2.912724990851501,0.6892528733218581,0.5498436646708653,251967006.36758804,bear
main,2020-05-08,MRNA,1,0.06612183398638609,0.06391999723355929,4.681333123648559,0.8596986461057761,0.8085129461060148,665882752.8649712,bear
main,2020-05-08,SHOP,2,0.0648746460170975,0.011212958059857316,4.154799559457548,0.6971562724669598,0.6459705724671985,2295725044.6899414,bear
main,2020-05-08,DXCM,3,0.004867044706583393,0.004867044706583393,4.025338303529032,0.4730991978201444,0.4219134978203831,452949085.246582,bear
main,2020-05-15,MRNA,1,0.05966283371330458,0.05746099696047778,4.031234684242381,0.4234792873738158,0.42473500830495337,665882752.8649712,bear
main,2020-05-15,TWLO,2,0.019094350140947652,0.019094350140947652,3.598767859575376,0.7539859662418378,0.7552416871729754,245005635.1908112,bear
main,2020-05-15,ENPH,3,0.003444652898574578,0.003444652898574578,3.2601685932583275,0.4984600215604815,0.4997157424916191,227594070.8077908,bear
main,2020-05-22,TWLO,1,0.05320909080180593,0.05320909080180593,4.027480979544668,0.8974079209424006,0.8533393611414635,245005635.1908112,bear
main,2020-05-22,MRNA,2,0.021428132089197808,0.019226295336371005,3.763001921811751,0.36633663366336644,0.3222680738624293,665882752.8649712,bear
main,2020-05-22,PDD,3,0.007564613861823071,0.007564613861823071,3.61444126014068,0.3859188495297772,0.34185028972884,353485487.69802094,bear
main,2020-06-05,SE,1,0.13715005404586456,0.13715005404586456,3.604873445198814,0.4354295813557576,0.3434447466639514,467203059.2793274,neutral
main,2020-06-05,ZM,2,0.046844035899021474,0.046844035899021474,3.3007522422588953,0.3359074276528151,0.24392259296100893,1369601346.3449097,neutral
main,2020-06-05,ZS,3,0.01600591005511398,0.01600591005511398,3.123064330748417,0.34166444288668174,0.24967960819487556,276304564.2240143,neutral
main,2020-06-12,SE,1,0.17879576520064275,0.17879576520064275,3.9179751430683347,0.5006456541448632,0.43801468542103517,467203059.2793274,neutral
main,2020-06-12,ZS,2,0.011902864398544452,0.011902864398544452,3.1046962095467627,0.34140596988391625,0.27877500116008824,276304564.2240143,neutral
main,2020-06-12,ZM,3,0.009301370400812792,0.009301370400812792,3.0718878243511876,0.2556197561823057,0.1929887874584777,1369601346.3449097,neutral
main,2020-06-19,SE,1,0.154387822525782,0.154387822525782,3.9198366437632663,0.353670916979826,0.30439445180452895,467203059.2793274,neutral
main,2020-06-19,PDD,2,0.030425844118685895,0.030425844118685895,3.476586087215616,0.274818132772793,0.22554166759749594,580245830.1394272,neutral
main,2020-06-19,ZM,3,0.015186333355532123,0.015186333355532123,3.3727233258519727,0.4233602198207622,0.37408375464546517,1369601346.3449097,neutral
main,2020-06-26,SE,1,0.13222186748786582,0.13222186748786582,4.241021402494725,0.31829565069076615,0.32798786493381016,467203059.2793274,neutral
main,2020-06-26,PDD,2,0.04794536518106882,0.04794536518106882,3.9842222102634506,0.2735157793374281,0.2832079935804721,580245830.1394272,neutral
main,2020-06-26,ETSY,3,0.019832767331065367,0.019832767331065367,3.845515833256399,0.26623853624164817,0.2759307504846922,338045053.88835907,neutral
main,2020-07-03,TSLA,1,0.1547411968781763,0.1547411968781763,4.735184222684157,0.3982970495100169,0.3910894330945047,11093335967.865944,bull
main,2020-07-03,SHOP,2,0.11387527041780118,0.07794554306388107,4.625158042355103,0.40095765150916085,0.3937500350936487,2126029999.8600008,bull
main,2020-07-03,PDD,3,0.06731326005794264,0.06731326005794264,4.606137564327861,0.4033500031832318,0.3961423867677196,715819424.5705032,bull
main,2020-07-10,TSLA,1,0.22890864478448156,0.22890864478448156,4.731050962388761,0.6515375183777161,0.6029607137160016,11093335967.865944,bull
main,2020-07-10,DOCU,2,0.040111363604651736,0.040111363604651736,4.335954589198402,0.39515266995362186,0.3465758652919073,965804682.6133728,bull
main,2020-07-10,SHOP,3,0.06690971896478679,0.030979991610866675,4.301486815501121,0.389560619922954,0.34098381526123944,2126029999.8600008,bull
main,2020-07-17,TSLA,1,0.15903366316923892,0.15903366316923892,4.576364264983552,0.4994903954928871,0.45711111396716264,11093335967.865944,bull
main,2020-07-17,MRNA,2,0.13465002071925775,0.13465002071925775,4.476196738509967,0.429540326381711,0.38716104485598657,945136225.8668518,bull
main,2020-07-17,DOCU,3,0.006316316111503378,0.006316316111503378,3.5719164150279936,0.2167637584566371,0.17438447693091264,965804682.6133728,bull
main,2020-07-24,TSLA,1,0.2894993274077013,0.2894993274077013,4.58527848500601,0.4764415592220488,0.4070199345118082,11093335967.865944,bull
main,2020-07-24,TWLO,2,0.006790403154422048,0.006790403154422048,2.715172200007065,0.12272213492509576,0.05330051021485516,621350266.6757965,bull
main,2020-07-24,ENPH,3,0.0037102694378766776,0.0037102694378766776,2.626963275030171,0.31677709780353425,0.24735547309329364,468207629.0671921,bull
main,2020-08-07,RUN,1,0.2213696957019989,0.2213696957019989,4.177031695253399,0.5925220576597068,0.5390569250456918,262775157.5227261,bull
main,2020-08-07,AMD,2,0.0717151250010457,0.0717151250010457,3.5676384538680597,0.5184322987161851,0.46496716610217015,4806937814.806614,bull
main,2020-08-07,SAM,3,0.006915179296955408,0.006915179296955408,3.0125498743710626,0.3679493786429422,0.3144842460289272,141798797.01019287,bull
main,2020-08-14,AMD,1,0.19088460910273278,0.19088460910273278,3.2592451247744254,0.4771075890157235,0.43011013694347744,4806937814.806614,bull
main,2020-08-14,RUN,2,0.06214925481059912,0.06214925481059912,3.042826762075878,0.23960878472620561,0.19261133265395958,262775157.5227261,bull
main,2020-08-14,SE,3,0.04696613608666806,0.04696613608666806,3.005242208870502,0.1601247151309071,0.11312726305866105,433200417.351532,bull
main,2020-08-21,TSLA,1,0.20931185268706057,0.20931185268706057,4.56357646475793,0.4467042509914645,0.3887386750213302,25931028892.336464,bull
main,2020-08-21,SE,2,0.08511932934385764,0.08511932934385764,4.008283220885114,0.3762135398530799,0.31824796388294563,433200417.351532,bull
main,2020-08-21,XYZ,3,0.04316521288751315,0.005568817969081765,3.2808826368608965,0.2774895101326853,0.219523934162551,1756424607.2380447,bull
main,2020-08-28,TSLA,1,0.21121460076814838,0.21121460076814838,4.747143533308244,0.5470099115577678,0.4733238096528458,25931028892.336464,bull
main,2020-08-28,RUN,2,0.082729207332236,0.082729207332236,4.19474491329398,0.5129463177772906,0.43926021587236863,262775157.5227261,bull
main,2020-08-28,SE,3,0.00605619189961559,0.00605619189961559,3.520749902389524,0.2493453517319537,0.17565924982703174,433200417.351532,bull
main,2020-09-04,TSLA,1,0.11281990035183255,0.11281990035183255,4.8805715260773495,0.43979182563317054,0.4158806390353613,28882694661.20636,neutral
main,2020-09-04,ZM,2,0.08534944198701645,0.08534944198701645,4.624995638450285,0.4296370693076781,0.40572588270986887,1820321632.427597,neutral
main,2020-09-04,JD,3,0.0482735034426667,0.0018306576611509843,3.167982817597801,0.2890751153475868,0.26516392874977757,888523538.7284851,neutral
main,2020-09-11,ZM,1,0.16357444690989306,0.16357444690989306,4.3044504597722195,0.5638397544936824,0.5720929464517585,1820321632.427597,neutral
main,2020-09-11,TSLA,2,0.02243663607411075,0.02243663607411075,3.7661810144671466,0.12896873321388536,0.1372219251719614,28882694661.20636,neutral
main,2020-09-11,RUN,3,0.013988917015996204,0.013988917015996204,3.6995694063860167,0.22463291168236177,0.23288610364043782,188580137.6077652,neutral
main,2020-09-18,ZM,1,0.17874069383716293,0.17874069383716293,4.622279170857239,0.5145333543189095,0.5366447652576806,1820321632.427597,neutral
main,2020-09-18,RUN,2,0.016846082323241085,0.016846082323241085,3.5197063898241994,0.2618702298981943,0.2839816408369654,188580137.6077652,neutral
main,2020-09-18,TSLA,3,0.0044132238395959795,0.0044132238395959795,3.2812660887705274,0.0784251748367304,0.10053658577550151,28882694661.20636,neutral
main,2020-09-25,ZM,1,0.15178848654112206,0.15178848654112206,4.622378851176002,0.659037050912973,0.7176088543206263,1820321632.427597,neutral
main,2020-09-25,RUN,2,0.0463696563869625,0.0463696563869625,3.6072517996859634,0.19726177434762726,0.2558335777552805,188580137.6077652,neutral
main,2020-09-25,TSLA,3,0.0018418570719154327,0.0018418570719154327,2.6028721936766583,-0.07983192582135423,-0.02126012241370101,28882694661.20636,neutral
main,2020-10-02,ENPH,1,0.08858644031430533,0.08858644031430533,4.748570446384225,0.36683789751611107,0.38842055913810425,267387710.92655185,neutral
main,2020-10-02,ZM,2,0.079992400559513,0.079992400559513,4.7276894624221715,0.30371189242473684,0.32529455404673,6277229036.87439,neutral
main,2020-10-02,RUN,3,0.03142115912618166,0.03142115912618166,4.578799348724705,0.5530726118444476,0.5746552734664407,305535172.30955124,neutral
main,2020-10-09,ENPH,1,0.17495555155567521,0.17495555155567521,4.7505180552745365,0.6771121791742838,0.6346695038026653,267387710.92655185,neutral
main,2020-10-09,ZM,2,0.01773750224317362,0.01773750224317362,3.916719475815396,0.28566580590629087,0.24322313053467237,6277229036.87439,neutral
main,2020-10-09,RUN,3,0.007306946201151166,0.007306946201151166,3.777209768591531,0.2782748557593224,0.23583218038770393,305535172.30955124,neutral
main,2020-10-16,ENPH,1,0.1587981287281429,0.1587981287281429,4.74945450282969,0.6235535636158214,0.5732286557016888,267387710.92655185,neutral
main,2020-10-16,ZM,2,0.03524831139123189,0.03524831139123189,4.066615714547071,0.27413212226646544,0.22380721435233286,6277229036.87439,neutral
main,2020-10-16,NET,3,0.005953559880625219,0.005953559880625219,3.7083115301967937,0.5711591189467897,0.5208342110326571,199700468.0052376,neutral
main,2020-10-23,ENPH,1,0.12656125580959135,0.12656125580959135,4.010891046935509,0.4035587880476139,0.3516924081627173,267387710.92655185,neutral
main,2020-10-23,ALGN,2,0.06818461495599139,0.06818461495599139,3.6845057174547855,0.4769289100617877,0.4250625301768911,227825471.19033813,neutral
main,2020-10-23,DAR,3,0.005254129234417275,0.005254129234417275,3.0339038784568353,0.35022491273093226,0.29835853284603564,53384376.647224426,neutral
main,2020-11-06,ALGN,1,0.17918516971403986,0.1486419181481423,4.089734821454931,0.45402259251569066,0.4444798903019307,389381702.0202637,neutral
main,2020-11-06,NET,2,0.04502805866936299,0.04502805866936299,3.5450522879393684,0.39093858345430355,0.3813958812405436,378419082.944355,neutral
main,2020-11-06,PDD,3,0.006330023182494708,0.006330023182494708,3.1282778069055768,0.43990441867016594,0.430361716456406,497039526.81324005,neutral
main,2020-11-13,PDD,1,0.19374906840681072,0.19374906840681072,4.412239550014063,0.8006426961529489,0.7695157491901914,497039526.81324005,neutral
main,2020-11-13,ALGN,2,0.036794183159086884,0.006250931593189312,3.270405531674401,0.3587900412865157,0.3276630943237582,389381702.0202637,neutral
main,2020-11-20,PDD,1,0.14432598614875056,0.14432598614875056,3.9854114200190933,0.6517086296515955,0.6240900785708481,497039526.81324005,neutral
main,2020-11-20,ENPH,2,0.051688727636536896,0.051688727636536896,3.3812883068958306,0.2541371725684398,0.22651862148769242,419119575.3598023,neutral
main,2020-11-20,ROKU,3,0.003985286214712566,0.003985286214712566,2.7309449363969955,0.17494198410445194,0.14732343302370454,1097796857.4941254,neutral
main,2020-11-27,CHPT,1,0.14310894051022893,0.14310894051022893,4.129924750029266,1.8065002209237324,1.6927928990899408,36119488.80010224,neutral
main,2020-11-27,ENPH,2,0.028505457887773658,0.028505457887773658,3.8191141306786185,0.4329697502934622,0.31926242845967057,419119575.3598023,neutral
main,2020-11-27,MRNA,3,0.02838560160199742,0.02838560160199742,3.818586882601416,0.8827626571958296,0.769055335362038,451652842.59887695,neutral
main,2020-12-04,MRNA,1,0.1002378315297816,0.1002378315297816,4.421580336821462,1.1051761310827968,1.048944479917544,2275615833.6815643,neutral
main,2020-12-04,CHPT,2,0.11979130150648526,0.09797475359558587,4.400325718954182,1.0422097302007511,0.9859780790354984,193075311.2185364,neutral
main,2020-12-04,TSLA,3,0.0017874148746325374,0.0017874148746325374,2.799419499512059,0.39327824695730085,0.3370465957920481,18861098859.23012,neutral
main,2020-12-11,ROKU,1,0.09789735004845324,0.09789735004845324,4.510724153013315,0.4505479450405325,0.4276495902010251,1576442239.752121,neutral
main,2020-12-11,MRNA,2,0.05476865506980725,0.05476865506980725,4.420108787265881,0.7555654295479735,0.732667074708466,2275615833.6815643,neutral
main,2020-12-11,CHPT,3,0.06915054279263892,0.04733399488173953,4.40119103840704,1.290634477966862,1.2677361231273545,193075311.2185364,neutral
main,2020-12-18,CHPT,1,0.10704934937739903,0.08523280146649964,4.057154920281496,0.3757644705637784,0.33235772764408855,193075311.2185364,neutral
main,2020-12-18,MRNA,2,0.07119154018261438,0.07119154018261438,4.02705982434428,0.43663553786175924,0.3932287949420694,2275615833.6815643,neutral
main,2020-12-18,CHWY,3,0.043575658350886004,0.043575658350886004,3.9575146786738173,0.45728421754623083,0.413877474626541,240546444.1441917,neutral
main,2020-12-25,ENPH,1,0.09872473568672772,0.09872473568672772,3.8588769958171603,0.30430711035174984,0.282488164681157,406298017.8815079,neutral
main,2020-12-25,CHWY,2,0.055088080731873906,0.055088080731873906,3.7664014581397103,0.5000001100287703,0.4781811643581775,240546444.1441917,neutral
main,2020-12-25,CHPT,3,0.06800373149229777,0.04618718358139839,3.7433728913566466,0.3194047168088361,0.29758577113824325,193075311.2185364,neutral
main,2021-01-01,ENPH,1,0.2588520894157626,0.2588520894157626,4.436968266039906,0.37440278638137214,0.350448682619789,425227390.6185532,bull
main,2021-01-01,CHPT,2,0.05597114582906484,0.025550966659843327,3.7384841093273975,0.23095817039249478,0.20700406663091164,229655151.8956604,bull
main,2021-01-01,PDD,3,0.049125625485178265,0.01559694392439406,3.6685033085379786,0.2239597250390668,0.20000562127748367,1410491277.8530884,bull
main,2021-01-08,TSLA,1,0.17174400525974853,0.17174400525974853,4.496281317886031,0.44267935718421203,0.3974016623416139,36124871900.30777,bull
main,2021-01-08,ENPH,2,0.12342783730722083,0.12342783730722083,4.269264146816507,0.48245299287545107,0.43717529803285293,425227390.6185532,bull
main,2021-01-08,PDD,3,0.03835683899381481,0.004828157433030608,3.2552385838877385,0.2243143362348976,0.17903664139229947,1410491277.8530884,bull
main,2021-01-15,TSLA,1,0.17203730286707955,0.17203730286707955,3.122256155672009,0.18871935972102638,0.17105873810337413,36124871900.30777,bull
main,2021-01-15,ROKU,2,0.06458056175963961,0.06458056175963961,2.9627312526470186,0.198379848061492,0.18071922644383975,1577796125.514679,bull
main,2021-01-15,CHPT,3,0.09380231454250232,0.06338213537328082,2.9603788264393804,0.15115308368727298,0.13349246206962073,229655151.8956604,bull
main,2021-01-22,TSLA,1,0.23491959201189427,0.23491959201189427,3.814826228500864,0.2793568274003282,0.24174140412620582,36124871900.30777,bull
main,2021-01-22,ENPH,2,0.052065885199932126,0.052065885199932126,3.252714512411587,0.1691383650576337,0.13152294178351132,425227390.6185532,bull
main,2021-01-22,ROKU,3,0.013014522788173598,0.013014522788173598,3.002677084245479,0.1844870099184055,0.14687158664428313,1577796125.514679,bull
main,2021-02-05,MRNA,1,0.1906297020485771,0.1906297020485771,4.480034667554984,0.5631042615801691,0.5461866922980645,2434359655.3273773,neutral
main,2021-02-05,AXON,2,0.0056085998360206725,0.0056085998360206725,3.005612687961121,0.41336943054506237,0.3964518612629577,119479687.06233978,neutral
main,2021-02-05,ETSY,3,0.0037616981154022433,0.0037616981154022433,2.9503489158932785,0.31579848077531514,0.2988809114932105,722947668.4011841,neutral
main,2021-02-12,MRNA,1,0.12362332287914019,0.12362332287914019,4.31619957213881,0.41720026334799853,0.3721107450057868,2434359655.3273773,neutral
main,2021-02-12,Z,2,0.09587982913386998,0.06516924981423818,4.0887441482116005,0.4386181640625,0.39352864572028823,342079491.6762543,neutral
main,2021-02-12,ZG,3,0.011207427306621625,0.011207427306621625,3.735895343428928,0.41028499686659314,0.3651954785243814,93061920.99754332,neutral
main,2021-02-19,MRNA,1,0.18057035012697856,0.18057035012697856,3.456316490710337,0.33368951148700754,0.31501548252889333,2434359655.3273773,neutral
main,2021-02-19,Z,2,0.04176585457741109,0.01105527525777928,2.5826797058077564,0.2427649987547691,0.22409096979665488,342079491.6762543,neutral
main,2021-02-19,ZG,3,0.008374374615242172,0.008374374615242172,2.5454372728655468,0.25919107445656686,0.24051704549845265,93061920.99754332,neutral
main,2021-03-05,WBD,1,0.19538229469779905,0.19538229469779905,4.372100527730004,0.5057418035410262,0.5162649001218083,399859703.9508248,neutral
main,2021-03-05,WAL,2,0.00461770530220095,0.00461770530220095,2.9959171967974996,0.3060904140506244,0.3166135106314065,62437592.5469017,neutral
main,2021-03-12,WBD,1,0.19652983534476398,0.19652983534476398,4.278678451198918,0.4874476905638834,0.48383138709161755,399859703.9508248,neutral
main,2021-03-12,WAL,2,0.0034701646552360394,0.0034701646552360394,2.6472867986338273,0.26570891163283017,0.26209260816056434,62437592.5469017,neutral
main,2021-03-19,WBD,1,0.19748764676435276,0.19748764676435276,4.659231763196277,0.521362379409678,0.5195017839586182,399859703.9508248,neutral
main,2021-03-19,WSM,2,0.00251235323564726,0.00251235323564726,2.692722117294961,0.3466842268410937,0.3448236313900339,124134705.99094392,neutral
main,2021-03-26,WSM,1,0.2,0.2,2.7900396407439354,0.3617184401443818,0.3172420973242742,124134705.99094392,neutral
main,2021-04-02,WSM,1,0.20411055948711715,0.18339605884622998,3.9881512068938094,0.43970891037338267,0.3727535293962416,301837551.5355301,bull
main,2021-04-02,AMAT,2,0.17559756282744354,0.10903330991711611,3.7064409361535513,0.3074646758608668,0.24050929488372574,1249664241.9606018,bull
main,2021-04-02,FUTU,3,0.02415285195376409,0.00757063123665391,3.007687065798785,0.16850515032363167,0.10154976934649063,1765836429.594612,bull
main,2021-04-09,WSM,1,0.2724209926800008,0.25170649203911366,3.8314543630221847,0.356381599482976,0.30872953352829,301837551.5355301,bull
main,2021-04-09,AMAT,2,0.10375833482549376,0.03719408191516634,3.09857648584975,0.21541644549030092,0.16776437953561496,1249664241.9606018,bull
main,2021-04-09,LRCX,3,0.06489641722914445,0.011099426045720001,2.890933648703691,0.26444747833154936,0.2167954123768634,918624009.1836928,bull
main,2021-04-16,LPX,1,0.23833496992141778,0.23833496992141778,3.3170032471975976,0.23789181111278257,0.1665659547180236,72548333.76935959,bull
main,2021-04-16,FUTU,2,0.07824725079569238,0.0616650300785822,3.075513548791105,0.1611018366955448,0.08977598030078582,1765836429.594612,bull
main,2021-04-23,LPX,1,0.14513054601548703,0.14513054601548703,3.0714113223627324,0.206066011905359,0.1536392635721191,72548333.76935959,bull
main,2021-04-23,FUTU,2,0.14244074121784062,0.12585852050073043,3.032963590548922,0.2539017158486836,0.2014749675154437,1765836429.594612,bull
main,2021-04-23,MRNA,3,0.029010933483782517,0.029010933483782517,2.7622481352453376,0.30274614700689373,0.2503193986736538,1145827416.566162,bull
main,2021-05-07,LPX,1,0.3,0.3,2.4992473107245026,0.1806819601336307,0.1548489762516423,121894986.84896468,bull
main,2021-06-04,GEN,1,0.13954319011285107,0.13954319011285107,3.2355390045324675,0.34834167480964373,0.34720457933387494,178705673.7380123,bull
main,2021-06-04,MRNA,2,0.13552066048969194,0.13552066048969194,3.226952736966562,0.26307088589268557,0.2619337904169168,1571003003.666687,bull
main,2021-06-04,NVDA,3,0.10642423485113084,0.02493614939745696,2.894141297062994,0.18673735964538696,0.18560026416961817,5238192224.173927,bull
main,2021-06-11,MRNA,1,0.26920624373562035,0.26920624373562035,3.364250139349592,0.3561159962935647,0.3375600378932475,1571003003.666687,bull
main,2021-06-11,NVDA,2,0.1122818417180535,0.030793756264379624,2.8750683842438036,0.25179602774190246,0.23324006934158525,5238192224.173927,bull
main,2021-06-18,NVDA,1,0.33,0.2663327037178746,3.0610389367867565,0.24355212124740921,0.24032906809396315,5238192224.173927,bull
main,2021-06-18,NET,2,0.03366729628212537,0.03366729628212537,2.607888684100331,0.35935823738962114,0.3561351842361751,336042228.92456055,bull
main,2021-06-25,MRNA,1,0.16161789358407508,0.16161789358407508,3.016285805574119,0.1888006538656466,0.1698366110015126,1571003003.666687,bull
main,2021-06-25,NVDA,2,0.16906802652864558,0.0875799410749717,2.898626840073947,0.17180379036471938,0.15283974750058538,5238192224.173927,bull
main,2021-06-25,FUTU,3,0.05080216534095324,0.05080216534095324,2.820379495700894,0.1878118850556405,0.1688478421915065,774898188.2631302,bull
main,2021-07-02,NTLA,1,0.2678222474632451,0.2678222474632451,4.09170673238043,1.2661961732417568,1.2365253244351242,492269604.96017456,bull
main,2021-07-02,BEAM,2,0.021314711575507843,0.021314711575507843,3.200565897799559,0.5762014980248171,0.5465306492181845,98581451.84734344,bull
main,2021-07-02,MRNA,3,0.010863040961247043,0.010863040961247043,3.1003756639598836,0.13699225857319264,0.10732140976656002,2086296594.9586487,bull
main,2021-07-09,NTLA,1,0.28225711825117195,0.28225711825117195,3.993405757566612,0.7938796852814409,0.764102397539286,492269604.96017456,bull
main,2021-07-09,MRNA,2,0.011482592629738463,0.011482592629738463,2.653317168325536,0.06378794181287373,0.03401065407071879,2086296594.9586487,bull
main,2021-07-09,NVDA,3,0.08418579830666337,0.006260289119089581,2.5647360055850097,0.12482300095782994,0.09504571321567501,8441962801.800537,bull
main,2021-07-16,MRNA,1,0.2795336205339559,0.2795336205339559,4.499226777980266,0.4379737394703709,0.3983999349642886,2086296594.9586487,bull
main,2021-07-16,NTLA,2,0.02046637946604405,0.02046637946604405,3.8253021954065787,0.7814805487617007,0.7419067442556184,492269604.96017456,bull
main,2021-07-23,MRNA,1,0.19146305276918818,0.19146305276918818,4.500857785708602,0.5860233822867065,0.5547770514571246,2086296594.9586487,bull
main,2021-07-23,NTLA,2,0.10594807166360606,0.10594807166360606,3.9502186883876345,0.5502645938899915,0.5190182630604097,492269604.96017456,bull
main,2021-07-23,CROX,3,0.0025888755672057256,0.0025888755672057256,2.600914964146192,0.147539455324865,0.11629312449528317,131189680.81897736,bull
main,2021-08-06,MRNA,1,0.19366631883645957,0.19366631883645957,4.525431688383718,0.7770714555184763,0.7610678230132075,6261049924.454803,neutral
main,2021-08-06,ALB,2,0.0039107319069523125,0.0039107319069523125,2.6079542700260814,0.29172089047635574,0.2757172579710869,229838788.8475037,neutral
main,2021-08-06,FTNT,3,0.01119244514716384,0.0024229492565881494,2.5403422926735204,0.1825084817264102,0.1665048492211414,236707217.92526245,neutral
main,2021-08-13,MRNA,1,0.18663368767256874,0.18663368767256874,3.987572132215946,0.3608211735720728,0.32701946562985906,6261049924.454803,neutral
main,2021-08-13,CROX,2,0.03349010991607151,0.009472432744301233,2.64670815162769,0.3058078883697135,0.2720061804274998,154374161.12998962,neutral
main,2021-08-13,AMD,3,0.0038938795831300185,0.0038938795831300185,2.5067845571375953,0.2871114662632239,0.2533097583210102,5135515047.486801,neutral
main,2021-08-20,MRNA,1,0.13619676491155958,0.13619676491155958,2.9089834221462367,0.09789876366316275,0.09012487995043084,6261049924.454803,neutral
main,2021-08-20,TEAM,2,0.049057743310724385,0.049057743310724385,2.6051923555996397,0.27538792105094134,0.26761403733820943,321660712.1343994,neutral
main,2021-08-20,RGEN,3,0.014745491777716044,0.014745491777716044,2.39919307105608,0.2513815012040501,0.2436076174913182,85076658.63265991,neutral
main,2021-08-27,BILL,1,0.21342679832249575,0.17484817324524835,3.777147706636146,0.3730780433691334,0.3463054330884636,218701819.6247864,neutral
main,2021-08-27,DKS,2,0.01820497371822162,0.01820497371822162,2.927626922563993,0.32994020552570813,0.30316759524503833,101112548.45500946,neutral
main,2021-08-27,MRNA,3,0.006946853036530052,0.006946853036530052,2.7729196756580774,0.08093889882119809,0.054166288540528296,6261049924.454803,neutral
main,2021-09-03,BILL,1,0.24539728434683494,0.2407507889240184,4.140604716464211,0.46432100004774957,0.4403879318825672,381153276.0953522,bull
main,2021-09-03,DKS,2,0.044047725032239936,0.044047725032239936,3.5712594446233306,0.34997642737045664,0.3260433592052743,317139268.99570465,bull
main,2021-09-03,MDB,3,0.01520148604374167,0.01520148604374167,3.395701475551979,0.3587092972989758,0.33477622913379346,196545112.6878357,bull
main,2021-09-10,BILL,1,0.23410998543997752,0.229463490017161,4.060609822572716,0.3521289405445358,0.3532052687731553,381153276.0953522,bull
main,2021-09-10,MRNA,2,0.08650842647259746,0.06218391203276167,3.432395443875543,0.1529067840581082,0.15398311228672767,9162215512.6091,bull
main,2021-09-10,DKS,3,0.00835259795007734,0.00835259795007734,3.000263731803005,0.26738242246957666,0.26845875069819614,317139268.99570465,bull
main,2021-09-17,BILL,1,0.25620084791593645,0.2515543524931199,4.058903685778111,0.4053021429651189,0.4065336575745624,381153276.0953522,bull
main,2021-09-17,DKS,2,0.03296027111014952,0.03296027111014952,3.416020254049078,0.2703445557515163,0.27157607036095976,317139268.99570465,bull
main,2021-09-17,MRNA,3,0.039809890836566365,0.015485376396730574,3.301287712199873,0.12290452623210402,0.1241360408415475,9162215512.6091,bull
main,2021-09-24,RGEN,1,0.133375114028418,0.133375114028418,3.5520079176043597,0.17195383207885206,0.18287639251919463,63971968.30566406,bull
main,2021-09-24,MRNA,2,0.1364874523637037,0.11216293792386789,3.5195507554427605,0.12537285666551035,0.1362954171058529,9162215512.6091,bull
main,2021-09-24,MDB,3,0.054461948047714134,0.054461948047714134,3.4107791110957906,0.2841940986232878,0.2951166590636304,196545112.6878357,bull
main,2021-10-01,PCTY,1,0.23229184960671428,0.2,2.43215157626014,0.0471379874902369,0.0856496274198274,75983136.75598145,neutral
main,2021-10-15,NET,1,0.18031173720037047,0.18031173720037047,3.572516857229807,0.2760824729339675,0.2659555679750414,394213493.1549072,neutral
main,2021-10-15,OPEN,2,0.011415315268198438,0.011415315268198438,2.699045870977037,0.27823242786127533,0.26810552290234924,236743420.5376053,neutral
main,2021-10-15,LNG,3,0.00827294753143111,0.00827294753143111,2.655379762054667,0.27102237079300373,0.26089546583407763,159583803.97766113,neutral
main,2021-10-22,NET,1,0.2,0.2,3.6518006932571625,0.39114763159271626,0.37040010212611096,394213493.1549072,neutral
main,2021-11-05,TSLA,1,0.23508498074562575,0.23508498074562575,4.5575006954927595,0.5558315058490182,0.48578617204828944,23613025208.815613,bull
main,2021-11-05,NVDA,2,0.0809320190278409,0.0443012097504024,4.079741839593194,0.4282561399133433,0.3582108061126146,5272345822.591019,bull
main,2021-11-05,NET,3,0.03959497017191067,0.020613809503971812,3.963246317753735,0.41243011122986095,0.3423847774291322,784364873.8251495,bull
main,2021-11-12,NVDA,1,0.28478672751913436,0.24815591824169586,4.243309925123252,0.3900832712293374,0.3420873276593819,5272345822.591019,bull
main,2021-11-12,ENPH,2,0.033948389389896194,0.033948389389896194,3.656686623213948,0.4551237438214124,0.4071278002514569,570494245.9463501,bull
main,2021-11-12,U,3,0.017895692368407934,0.017895692368407934,3.5623562420143653,0.39468080777648495,0.34668486420652944,297289813.6919403,bull
main,2021-11-19,NVDA,1,0.25564323110790627,0.21901242183046776,4.348009671936278,0.45142093657489246,0.4166177387685124,5272345822.591019,bull
main,2021-11-19,ENPH,2,0.07337976455847942,0.07337976455847942,3.783075171144678,0.5152235136302785,0.48042031582389844,570494245.9463501,bull
main,2021-11-19,TSLA,3,0.007607813611052784,0.007607813611052784,3.2566524542558146,0.24995604425907825,0.21515284645269817,23613025208.815613,bull
main,2021-11-26,NVDA,1,0.21213494119374884,0.17550413191631034,3.604782272545382,0.23217409734233097,0.23278386408640483,5272345822.591019,bull
main,2021-11-26,AMD,2,0.09791311023129279,0.09440889684981922,3.44383101049921,0.2876153475518135,0.2882251142958874,5073754381.424179,bull
main,2021-11-26,DLTR,3,0.030086971233870427,0.030086971233870427,3.250980413196257,0.3094840183091305,0.3100937850532044,262262222.26379395,bull
main,2021-12-03,TTD,1,0.14908118677945095,0.14908118677945095,3.016325268215422,0.30576219039183816,0.338011920076998,774139492.5678635,neutral
main,2021-12-03,DLTR,2,0.05091881322054906,0.05091881322054906,2.8385533286172606,0.24581812078302567,0.2780678504681855,735406357.2401428,neutral
main,2021-12-10,DLTR,1,0.16545844078112343,0.16545844078112343,2.8590060031388425,0.2517686660744687,0.2443425011403515,735406357.2401428,neutral
main,2021-12-10,BLDR,2,0.06045631486933388,0.03454155921887657,2.561847058240326,0.17014705433565025,0.16272088940153306,168984510.28980255,neutral
main,2022-02-04,XOM,1,0.18197591649263056,0.18197591649263056,3.0637416523404974,0.18191070043627589,0.21922113110980024,1874503307.6214027,neutral
main,2022-02-04,FICO,2,0.046747613548570655,0.018024083507369427,2.519376158190218,0.14091583112325634,0.1782262617967807,137445390.282135,neutral
main,2022-02-11,FICO,1,0.17166186044284654,0.1429383304016453,2.7162724257088926,0.18371366562932256,0.2359171259693198,137445390.282135,neutral
main,2022-02-11,XOM,2,0.05706166959835472,0.05706166959835472,2.570594225310463,0.12841499395393163,0.18061845429392887,1874503307.6214027,neutral
main,2022-02-18,EXPE,1,0.2,0.2,2.4513351721242276,0.19923167288747612,0.2077935606982052,378944137.3680115,neutral
main,2022-03-04,MOS,1,0.06324933332233716,0.06324933332233716,3.939578644027775,0.3680275615435378,0.4048672818746847,329311452.3690605,bear
main,2022-03-04,FCX,2,0.05310010044285058,0.013942940305604182,3.310124733665864,0.30426896049151697,0.3411086808226639,755293477.8535652,bear
main,2022-03-04,SQM,3,0.0028077263720586586,0.0028077263720586586,3.003016211365984,0.4670544460989381,0.503894166430085,72134968.26379776,bear
main,2022-03-11,MOS,1,0.0722127186279793,0.0722127186279793,3.7813857788878376,0.32398493214438506,0.37027752752959453,329311452.3690605,bear
main,2022-03-11,BKR,2,0.0041864597110422615,0.0041864597110422615,2.9313936671382965,0.2916951114744353,0.33798770685964474,221335202.5592232,bear
main,2022-03-11,RGLD,3,0.0036008216609784297,0.0036008216609784297,2.9118291902402085,0.2673688454531,0.3136614408383095,66365072.18952179,bear
main,2022-03-18,MOS,1,0.07401191168940847,0.07401191168940847,4.079053073338583,0.3825674760404867,0.3556901451454133,329311452.3690605,bear
main,2022-03-18,STLD,2,0.004094150147624891,0.004094150147624891,2.8838059091214037,0.31681010318444214,0.28993277228936876,129417553.18071364,bear
main,2022-03-18,MTDR,3,0.0018939381629666436,0.0018939381629666436,2.766236809923808,0.18284566045462047,0.1559683295595471,79132324.46840286,bear
main,2022-03-25,MOS,1,0.07551467739748872,0.07551467739748872,4.47022586197647,0.44348390859830955,0.40614235838526946,329311452.3690605,bear
main,2022-03-25,BKR,2,0.0028637098436194997,0.0028637098436194997,3.096437669894483,0.31254276992744656,0.2752012197144065,221335202.5592232,bear
main,2022-03-25,MTDR,3,0.0016216127588917903,0.0016216127588917903,3.0142137191495526,0.23565757630615947,0.19831602609311938,79132324.46840286,bear
main,2022-04-01,MOS,1,0.23261214628332327,0.2,2.6840988590303057,0.10111960082672078,0.04985022897436253,742850110.9526634,neutral
main,2022-04-08,MOS,1,0.23261214628332327,0.2,3.2119701750992378,0.1928296603575077,0.12405427525872437,742850110.9526634,neutral
main,2022-04-15,MOS,1,0.23261214628332327,0.2,3.4109857322510777,0.24468117644307164,0.24903407898809082,742850110.9526634,neutral
main,2022-04-22,STLD,1,0.2,0.2,2.4954172914663015,0.005402543317021946,0.06427251793086153,196654558.39321136,neutral
main,2022-05-06,VLO,1,0.11852894359723104,0.08,3.4995558740587405,0.2515014988054405,0.33244974887009304,414358831.3632965,bear
main,2022-05-13,VLO,1,0.11852894359723104,0.08,3.166311750022055,0.19891709325620366,0.28130823158315765,414358831.3632965,bear
main,2022-05-20,VLO,1,0.10027305759228912,0.061744113995058074,3.4147321271977766,0.20314824637843243,0.28860991581450024,414358831.3632965,bear
main,2022-05-20,SQM,2,0.015667533427744927,0.015667533427744927,2.8087786144268256,0.23003755432511008,0.3154992237611779,120557622.10733414,bear
main,2022-05-20,EXE,3,0.0025883525771970015,0.0025883525771970015,2.4437028620427372,0.08112072829780859,0.1665823977338764,120468834.8828125,bear
main,2022-05-27,SQM,1,0.06513573192733105,0.06513573192733105,3.9113613234235007,0.5356370842228246,0.527724655262436,120557622.10733414,bear
main,2022-05-27,VLO,2,0.050821657399267264,0.012292713802036217,3.199750647458828,0.19202111466103178,0.1841086857006431,414358831.3632965,bear
main,2022-05-27,EXE,3,0.0025715542706327295,0.0025715542706327295,2.903155153855504,0.29100830345813855,0.28309587449774987,120468834.8828125,bear
main,2022-06-03,SQM,1,0.0630850297469097,0.0630850297469097,3.733098368558615,0.34362518563614386,0.3455700487740252,192643070.72023392,bear
main,2022-06-03,UTHR,2,0.011743679274408749,0.011743679274408749,3.236659337045455,0.24200121645930106,0.2439460795971824,117798432.3438263,bear
main,2022-06-03,VLO,3,0.08780628223937548,0.0051712909786815545,3.1099185749589955,0.05686640554436129,0.05881126868224262,601944754.891777,bear
main,2022-06-10,VLO,1,0.1330497737896284,0.05041478252893446,3.768287198953171,0.12678435599920257,0.15645673467375942,601944754.891777,bear
main,2022-06-10,MTDR,2,0.024470962970962434,0.024470962970962434,3.5302206203039725,0.34937139320751487,0.3790437718820717,78358772.83569336,bear
main,2022-06-10,FANG,3,0.04235736712053343,0.0051142545001031095,3.233362871120409,0.16533022081564752,0.19500259949020438,367399974.17072296,bear
main,2022-06-17,UTHR,1,0.05959221836320289,0.05959221836320289,3.1441099940120365,0.16487018929470332,0.2218206334094044,117798432.3438263,bear
main,2022-06-17,LI,2,0.015894084015041384,0.015894084015041384,2.7048561117829197,0.38125006357828783,0.4382005076929889,208187182.65358925,bear
main,2022-06-17,DG,3,0.00451369762175574,0.00451369762175574,2.485727922451988,0.23027711557160835,0.2872275596863094,541395154.0534973,bear
main,2022-06-24,LI,1,0.0708641937689759,0.0708641937689759,3.4784843006988733,0.6799835157320515,0.7365625940032118,208187182.65358925,bear
main,2022-06-24,VRTX,2,0.006430727262048497,0.006430727262048497,2.584376714481216,0.068753794071855,0.12533287234301527,462061962.4442291,bear
main,2022-06-24,UTHR,3,0.0027050789689756004,0.0027050789689756004,2.4489160372321446,0.013229848165894564,0.06980892643705483,117798432.3438263,bear
main,2022-07-01,LI,1,0.11049802135720999,0.07335779910011607,3.9471505032242473,0.43838237618534337,0.5057404430989421,556302462.1219635,bear
main,2022-07-01,UTHR,2,0.03884911989710069,0.004649447788876036,2.8121908570066054,0.040937721463164545,0.10829578837676324,120004593.29589844,bear
main,2022-07-01,VRTX,3,0.001992753111007894,0.001992753111007894,2.6803222575881307,0.06635987500297325,0.13371794191657194,472574601.1894226,bear
main,2022-07-08,LI,1,0.10788546513988748,0.07074524288279356,3.8241022121203487,0.2996993360922868,0.29829101391927093,556302462.1219635,bear
main,2022-07-08,UTHR,2,0.03969931459646353,0.0054996424882388754,3.041532997727736,0.1065941759486071,0.1051858537755912,120004593.29589844,bear
main,2022-07-08,HALO,3,0.003755114628967564,0.003755114628967564,2.988984055773038,0.18246169665953094,0.18105337448651504,52257267.495918274,bear
main,2022-07-15,LI,1,0.1037607637901094,0.06662054153301548,2.907424825518168,0.15987930597599065,0.10720902043278135,556302462.1219635,bear
main,2022-07-15,UTHR,2,0.04757913057520917,0.013379458466984519,2.599565342405269,0.09435680776513622,0.041686522221926925,120004593.29589844,bear
main,2022-08-05,ENPH,1,0.1089260189827104,0.06961546912291464,3.998218695867751,0.3902056267252496,0.32639851578561885,872673453.9053345,bear
main,2022-08-05,ALNY,2,0.006837631147255784,0.006837631147255784,3.237766727248799,0.4334054295830776,0.36959831864344683,90518214.56497192,bear
main,2022-08-05,RGEN,3,0.0035468997298295905,0.0035468997298295905,3.1406557184931714,0.40324788759236996,0.3394407766527392,93190487.3815155,bear
main,2022-08-12,FSLR,1,0.04310057171205643,0.04310057171205643,4.296086349512477,0.8074154632768011,0.6984390267884062,186859637.1196365,bear
main,2022-08-12,ENPH,2,0.07308058948477306,0.033770039624977294,4.1895431422020994,0.5353753226766849,0.4263988861882899,872673453.9053345,bear
main,2022-08-12,ALNY,3,0.0031293886629662785,0.0031293886629662785,3.6182918964583597,0.6084325406508353,0.49945610416244035,90518214.56497192,bear
main,2022-08-19,FSLR,1,0.04975950932856944,0.04975950932856944,4.216880443117318,0.5898885450400209,0.5214230495359145,186859637.1196365,bear
main,2022-08-19,ENPH,2,0.06651668850212532,0.027206138642329555,3.9530808090274268,0.34111761941532026,0.27265212391121385,872673453.9053345,bear
main,2022-08-19,ALNY,3,0.0030343520291010013,0.0030343520291010013,3.4544969128280987,0.5080650170781014,0.43959952157399496,90518214.56497192,bear
main,2022-08-26,FSLR,1,0.0417129835375072,0.0417129835375072,3.7280831010165216,0.22768984821989768,0.2439040000122058,186859637.1196365,bear
main,2022-08-26,ALNY,2,0.03580370991426942,0.03580370991426942,3.652736703191847,0.48507471424951176,0.5012888660418199,90518214.56497192,bear
main,2022-08-26,SRPT,3,0.0024833065482233753,0.0024833065482233753,2.9534686688303635,0.2037654982598085,0.21997965005211662,82434967.66685486,bear
main,2022-09-02,FSLR,1,0.07914176717096043,0.07914176717096043,4.561389515219559,0.24052994866742772,0.2918757418260439,341760691.0650635,bear
main,2022-09-02,SRPT,2,0.0008582328290395776,0.0008582328290395776,2.410676102530756,0.031692140320128015,0.08303793347874422,118982610.34282684,bear
main,2022-09-09,FSLR,1,0.07385534993884381,0.07385534993884381,4.307492422531407,0.1513097051692074,0.19930771426810656,341760691.0650635,bear
main,2022-09-09,SRPT,2,0.004437534009595725,0.004437534009595725,3.066191661595583,0.08660552698537849,0.13460353608427766,118982610.34282684,bear
main,2022-09-09,ENPH,3,0.060358844016484586,0.0017071160515604673,2.9131227218336067,0.0215197561693925,0.06951776526829168,813397332.1652222,bear
main,2022-09-16,FSLR,1,0.051424596593873904,0.051424596593873904,4.500483344220951,0.17676105406087905,0.25966299669018156,341760691.0650635,bear
main,2022-09-16,ENPH,2,0.08650258699231052,0.0278508590273864,3.9442981441468774,0.12093759634227963,0.20383953897158213,813397332.1652222,bear
main,2022-09-16,PEN,3,0.0007245443787397012,0.0007245443787397012,2.644315588226712,0.20360682946089237,0.2865087720901949,58727066.5662384,bear
main,2022-09-23,FSLR,1,0.0752012151382824,0.0752012151382824,3.9262099463673823,0.06652982425885523,0.15497709756981592,341760691.0650635,bear
main,2022-09-23,ENPH,2,0.061657997332345824,0.0030062693674217044,2.6306930563178237,-0.031532645687624705,0.05691462762333599,813397332.1652222,bear
main,2022-09-23,GIS,3,0.031034167356100463,0.0017925154942959008,2.5569335752378133,0.037342441168552565,0.12578971447951326,201087737.0024872,bear
main,2022-10-07,BIIB,1,0.11675176483955638,0.05235176483955631,3.7793767828504095,0.2173811324897108,0.32146329508628235,529794546.920166,bear
main,2022-10-07,FSLR,2,0.02464222213267157,0.02464222213267157,3.451862460504328,-0.04712125467638828,0.05696090792018327,422458284.8508072,bear
main,2022-10-07,LNG,3,0.0030060130277721163,0.0030060130277721163,2.9860742953108352,0.07906976607149319,0.18315192866806473,539987189.9393463,bear
main,2022-10-14,BIIB,1,0.12836754707670728,0.0639675470767072,3.818205265715029,0.2706713332508335,0.34311139238713295,529794546.920166,bear
main,2022-10-14,FSLR,2,0.014491454783361597,0.014491454783361597,2.97413603019518,-0.09167216826486413,-0.019232109128564656,422458284.8508072,bear
main,2022-10-14,DINO,3,0.0015409981399312005,0.0015409981399312005,2.4574899059475634,0.1359869299716545,0.20842698910795399,87332765.45921326,bear
main,2022-10-21,BIIB,1,0.1375979442467038,0.07319794424670373,3.6756980175675182,0.3531196115327375,0.3358889017247333,529794546.920166,bear
main,2022-10-21,FANG,2,0.04716734275627367,0.0036640193649554184,2.7384128109622345,0.32222244936976896,0.30499173956176473,260434859.2653656,bear
main,2022-10-21,FSLR,3,0.003138036388340853,0.003138036388340853,2.7182721854281313,-0.055833710347420906,-0.07306442015542514,422458284.8508072,bear
main,2022-10-28,DXCM,1,0.08,0.08,2.635031680506031,0.5007449884853359,0.4116022235381509,194120087.13005063,bear
main,2022-11-04,RNR,1,0.03613844556593597,0.03613844556593597,2.6013330332682583,0.42045980949512907,0.3830826871352859,67561914.23171997,bear
main,2022-11-04,FSLR,2,0.02493235229976622,0.02493235229976622,2.542820669724765,0.1869880798224972,0.14961095746265407,434637097.0072556,bear
main,2022-11-04,GILD,3,0.01892920213429781,0.01892920213429781,2.505904197906405,0.24965008429870927,0.21227296193886613,530968654.1456604,bear
main,2022-11-11,AXON,1,0.06974391106106505,0.06974391106106505,2.9669488263770454,0.5315195237775883,0.41721149729098994,60042834.565200806,bear
main,2022-11-11,FICO,2,0.010256088938934954,0.010256088938934954,2.565016872029254,0.5173697004756248,0.4030616739890265,101616218.22357178,bear
main,2022-11-18,FSLR,1,0.07095796280101747,0.07095796280101747,3.2689193152447618,0.3588907681649134,0.30080755065567644,434637097.0072556,bear
main,2022-11-18,AXON,2,0.009042037198982517,0.009042037198982517,2.818581731940795,0.4182235265279761,0.36014030901873917,60042834.565200806,bear
main,2022-11-25,FSLR,1,0.060304602428561505,0.060304602428561505,3.194564332921058,0.292153426108275,0.2579393512609067,434637097.0072556,bear
main,2022-11-25,AXON,2,0.01969539757143849,0.01969539757143849,3.007109859464125,0.3227281514816287,0.28851407663426043,60042834.565200806,bear
main,2022-12-02,FICO,1,0.21858879316415766,0.18495915655736417,3.19351649296065,0.4271735353472901,0.3459725115056338,154546245.17196655,neutral
main,2022-12-02,AXON,2,0.015040843442635853,0.015040843442635853,2.56683501438425,0.270213891964163,0.18901286812250673,115578520.5191803,neutral
main,2022-12-16,BMRN,1,0.2,0.2,2.467882853386112,0.23009851949482707,0.2578742739883082,143475774.71515656,neutral
main,2023-01-27,LVS,1,0.08,0.08,2.480233311807851,0.22571256691311103,0.16491714731957363,222943935.02305984,bear
main,2023-02-03,ALGM,1,0.2,0.2,2.5569620398124226,0.3807309251356801,0.31819230976040336,47430698.7778759,neutral
main,2023-02-10,ALGM,1,0.2,0.2,3.341189418468485,0.2664492417469866,0.24250943381186052,47430698.7778759,neutral
main,2023-02-17,ALGM,1,0.16986356878594625,0.16986356878594625,3.825001381352089,0.3713404916409935,0.3425942767939545,47430698.7778759,neutral
main,2023-02-17,AN,2,0.02454986894063098,0.02454986894063098,2.970539935461689,0.3824925710965972,0.3537463562495582,79588543.85356903,neutral
main,2023-02-17,URI,3,0.0055865622734227755,0.0055865622734227755,2.6964663442483436,0.2061371381450794,0.1773909232980404,291249823.7008667,neutral
main,2023-02-24,ALGM,1,0.2,0.2,3.2410141833773696,0.22153151420740302,0.24445602663747779,47430698.7778759,neutral
main,2023-03-03,FSLR,1,0.11376467964348398,0.11376467964348398,2.8448749109946236,0.24924191426627362,0.2690310278181157,278043434.35150146,neutral
main,2023-03-03,WST,2,0.05854635628827996,0.05854635628827996,2.701655784457635,0.2066111422162975,0.2264002557681396,214549089.98825076,neutral
main,2023-03-03,SRPT,3,0.027688964068236042,0.027688964068236042,2.588128853074357,0.30764706395253416,0.32743617750437626,116673177.3153305,neutral
main,2023-03-10,FSLR,1,0.17315563095259284,0.17315563095259284,3.647366073269067,0.2714529900800129,0.3256879715611505,278043434.35150146,neutral
main,2023-03-10,AXON,2,0.07442461029831804,0.017917090710548676,2.9005090106754827,0.15415874547703612,0.2083937269581737,180128732.65960693,neutral
main,2023-03-10,WST,3,0.008927278336858479,0.008927278336858479,2.7963370162109222,0.16010174549000933,0.21433672697114692,214549089.98825076,neutral
main,2023-03-17,FSLR,1,0.09238813560525605,0.09238813560525605,2.7192568507364405,0.2151205052379408,0.25387128299244244,278043434.35150146,neutral
main,2023-03-17,ANET,2,0.08899494797502959,0.08899494797502959,2.7089340006121168,0.18107501666015202,0.21982579441465366,350880683.4751129,neutral
main,2023-03-17,AXON,3,0.07512443600748371,0.01861691641971435,2.412335028160986,0.1260699635574054,0.16482074131190705,180128732.65960693,neutral
main,2023-03-24,FSLR,1,0.12087414368408093,0.12087414368408093,2.948921254375336,0.30180069891575645,0.2995796754813289,278043434.35150146,neutral
main,2023-03-24,ANET,2,0.07912585631591908,0.07912585631591908,2.889929064461146,0.2465137162475426,0.24429269281311505,350880683.4751129,neutral
main,2023-04-07,FCNCA,1,0.2390021988056817,0.2390021988056817,2.7773589044914204,0.5542347949439206,0.5052216927292805,270357095.6057739,bull
main,2023-04-07,APLS,2,0.06099780119431832,0.06099780119431832,2.5324971770450233,0.23848448393941113,0.18947138172477107,102719889.88012314,bull
main,2023-04-14,APLS,1,0.23301050756071734,0.23301050756071734,2.876553284913218,0.2845127953068691,0.22689592513529266,102719889.88012314,bull
main,2023-04-14,FCNCA,2,0.039382829696740056,0.039382829696740056,2.4488430574276343,0.9191844002305145,0.861567530058938,270357095.6057739,bull
main,2023-04-14,LULU,3,0.027606662742542597,0.027606662742542597,2.400245320056386,0.24940629775813727,0.1917894275865608,901366724.5690918,bull
main,2023-04-21,ELF,1,0.1705809033297699,0.1705809033297699,3.6482880671292044,0.23190616933930408,0.19033946296364723,78286341.6884613,bull
main,2023-04-21,APLS,2,0.12160107709743948,0.12160107709743948,3.4664817262977734,0.36839602840560537,0.3268293220299485,102719889.88012314,bull
main,2023-04-21,FCNCA,3,0.007818019572790599,0.007818019572790599,2.730519349960057,0.7778213780115193,0.7362546716358624,270357095.6057739,bull
main,2023-05-05,BLDR,1,0.26977033125042155,0.15854689133457023,3.3213058271667224,0.3007132186108348,0.29230620816777386,189576105.32417297,neutral
main,2023-05-05,APLS,2,0.03227367617986056,0.032273676179860565,2.7510830297755535,0.18278753172135342,0.1743805212782925,149859018.95397186,neutral
main,2023-05-05,XPO,3,0.009179432485569223,0.009179432485569225,2.532316806484124,0.5897777251932781,0.5813707147502172,107824139.74700928,neutral
main,2023-05-12,BLDR,1,0.2227723917135197,0.11154895179766834,2.88036321128626,0.22763878326196885,0.22974795796432812,189576105.32417297,neutral
main,2023-05-12,XPO,2,0.051356511382905264,0.051356511382905264,2.740994025172021,0.4066066434157236,0.4087158181180829,107824139.74700928,neutral
main,2023-05-12,FCNCA,3,0.037094536819426406,0.037094536819426406,2.6968345854291615,0.2653076153136953,0.26741679001605456,188981965.9854126,neutral
main,2023-05-19,BLDR,1,0.2835882936085016,0.1723648536926502,3.515724492606359,0.2809203616236997,0.2653454637060615,189576105.32417297,neutral
main,2023-05-19,FCNCA,2,0.027635146307349808,0.027635146307349808,3.1413667782123804,0.261048314012718,0.24547341609507978,188981965.9854126,neutral
main,2023-05-26,AVGO,1,0.20587852261092054,0.10767837131769584,3.6819968322247543,0.2972550026434415,0.2874214886834978,1010983224.0673064,neutral
main,2023-05-26,MRVL,2,0.07593907382081348,0.07593907382081348,3.579309929321666,0.659321507698641,0.6494879937386973,401331454.5179939,neutral
main,2023-05-26,ACLS,3,0.01638255486149069,0.01638255486149069,3.29106265257562,0.3606086438006688,0.3507751298407251,57320647.78568268,neutral
main,2023-06-02,MRVL,1,0.14845529431403454,0.14845529431403454,3.643098453006691,0.46887976287838384,0.43182478715210326,1057548787.5923538,bull
main,2023-06-02,AVGO,2,0.16221556221127514,0.09712432282838404,3.5641689957739584,0.288643173520698,0.25158819779441743,2291677977.988434,bull
main,2023-06-02,FCNCA,3,0.07668732434708472,0.05442038285758141,3.4801868780390666,0.29396851802651613,0.25691354230023555,235172641.10595703,bull
main,2023-06-09,MRVL,1,0.21113514968385227,0.21113514968385227,4.031000917565497,0.49576278267403673,0.4512767158762465,1057548787.5923538,bull
main,2023-06-09,ACLS,2,0.0674265097785756,0.0674265097785756,3.6898068913871294,0.41356154080404606,0.36907547400625584,76690874.59724426,bull
main,2023-06-09,ADBE,3,0.021438340537572088,0.021438340537572088,3.4964435658791593,0.3534058234578412,0.308919756660051,1515513384.9546814,bull
main,2023-06-16,MRVL,1,0.13654368239435927,0.13654368239435927,3.731785409570356,0.34447870879953335,0.2907965060459248,1057548787.5923538,bull
main,2023-06-16,ADBE,2,0.10839420709969806,0.10839420709969806,3.6888652343602097,0.33381816208964654,0.28013595933603797,1515513384.9546814,bull
main,2023-06-16,P,3,0.055062110505942674,0.055062110505942674,3.5880999386438672,0.5569307770140253,0.5032485742604167,119405685.79720496,bull
main,2023-06-23,P,1,0.2553840921553242,0.2553840921553242,3.3421713554268058,0.3007982281865855,0.2655637049815389,119405685.79720496,bull
main,2023-06-23,ADBE,2,0.0260654108697723,0.0260654108697723,2.7109176374772423,0.1669033537817286,0.131668830576682,1515513384.9546814,bull
main,2023-06-23,BLDR,3,0.09611774514894136,0.01855049697490352,2.6645747407781064,0.10330502355818116,0.06807050035313456,329381977.29537964,bull
main,2023-07-07,XPO,1,0.2603387648565292,0.2603387648565292,3.4100035522023275,0.23773193359375,0.21382180396082817,93847946.92195892,bull
main,2023-07-07,DAL,2,0.02232547663207149,0.02232547663207149,2.724901192839182,0.218941106072172,0.19503097643925016,533895648.2570076,bull
main,2023-07-07,LAD,3,0.017335758511399273,0.017335758511399273,2.6911949096536545,0.23027377942168603,0.2063636497887642,82192611.65649414,bull
main,2023-07-14,BLDR,1,0.20087919848114247,0.1411946240613743,3.0221448529158415,0.16267193315441553,0.14032638140761278,326925939.75322723,bull
main,2023-07-14,XPO,2,0.12647495148300458,0.12647495148300458,2.994162623794364,0.17674424450140203,0.15439869275459928,93847946.92195892,bull
main,2023-07-14,LPX,3,0.03233042445562112,0.03233042445562112,2.749696473714984,0.23475811715634487,0.21241256540954212,55644260.47729492,bull
main,2023-07-21,SIRI,1,0.2647488011119012,0.2647488011119012,3.5622165243948336,0.8485644842556284,0.8047751739121589,69234142.88479614,bull
main,2023-07-21,SAIA,2,0.022426597151422163,0.022426597151422163,2.7569273345212943,0.2875915700566123,0.24380225971314284,199175627.2782898,bull
main,2023-07-21,XPO,3,0.01282460173667662,0.01282460173667662,2.6763296891503874,0.27993775458043624,0.2361484442369668,93847946.92195892,bull
main,2023-07-28,XPO,1,0.20415947729796977,0.20415947729796977,2.6590472243377956,0.213559296171544,0.182788650830912,93847946.92195892,bull
main,2023-07-28,SAIA,2,0.09584052270203024,0.09584052270203024,2.54416711075811,0.2438013203279723,0.2130306749873403,199175627.2782898,bull
main,2023-08-11,XPO,1,0.3,0.3,2.5026481727916914,0.2058629734634787,0.21394275011136865,144738830.37031174,bull
main,2023-09-08,CELH,1,0.27587564425759376,0.2603005505341883,2.8392810042821655,0.15177653413328218,0.1520679950308711,264901036.58208847,bull
main,2023-09-08,ADBE,2,0.08722186103321904,0.03969944946581166,2.449125756727017,0.10209454596963297,0.10238600686722188,1149250184.6871948,bull
main,2023-09-15,WFRD,1,0.25538488209005406,0.25538488209005406,2.976073672450095,0.13111122202054637,0.11178962343209164,47605470.80387116,bull
main,2023-09-15,CELH,2,0.06019021163335136,0.044615117909945906,2.6279423048054142,0.130098944025695,0.11077734543724027,264901036.58208847,bull
main,2023-10-06,JBL,1,0.07070667823555017,0.07070667823555017,2.9239742417599035,0.21075150883174665,0.2432189109750591,174061872.3571396,bear
main,2023-10-06,CCC,2,0.00929332176444984,0.00929332176444984,2.484394111649676,0.17387307849318745,0.2063404806364999,36437762.38114357,bear
main,2023-10-13,JBL,1,0.08,0.08,3.1080203702432034,0.28210451471591313,0.3088766435357768,174061872.3571396,bear
main,2023-10-20,FANG,1,0.1258996061317596,0.03405604380358136,2.6530191530567473,0.10566509944536584,0.1271092190945401,271721108.65600586,bear
main,2023-10-20,JBL,2,0.03387810147538757,0.03387810147538757,2.651920446925425,0.16189577020431534,0.1833398898534896,174061872.3571396,bear
main,2023-10-20,MTDR,3,0.012065854721031064,0.012065854721031064,2.4830106714219085,0.1351729395741359,0.15661705922331015,78890522.97710419,bear
main,2023-11-17,EXPE,1,0.044832534653293975,0.044832534653293975,2.4485788982490195,0.4562733508665875,0.38599626609662563,169685148.25515747,bear
main,2023-11-17,INTC,2,0.035167465346706034,0.035167465346706034,2.4163079897798387,0.2587072959756467,0.18843021120568482,1254723612.3705482,bear
main,2023-11-24,EXPE,1,0.05758191796961734,0.05758191796961734,2.57135319220704,0.46562090416495394,0.35697200728933587,169685148.25515747,bear
main,2023-11-24,XPO,2,0.022418082030382668,0.022418082030382668,2.4206859424844716,0.32437243047596853,0.21572353360035046,138935395.71437836,bear
main,2023-12-01,WSM,1,0.17294196891911648,0.1519744149919954,2.739645081080309,0.2691985247903701,0.21304349123215638,154400582.15324402,neutral
main,2023-12-01,FICO,2,0.08051100275473363,0.04802558500800461,2.5449227710232547,0.21205704311847473,0.155902009560261,183225581.2625122,neutral
main,2023-12-08,WSM,1,0.22096755392712109,0.2,2.562622558806414,0.3130898650262053,0.26862877910557303,154400582.15324402,neutral
main,2024-01-19,AMD,1,0.2863098523063745,0.2863098523063745,3.950600505690591,0.24806581740651756,0.22952896412536328,8653785240.814667,bull
main,2024-01-19,NVDA,2,0.013690147693625497,0.013690147693625497,3.0573166038165005,0.21832889954498946,0.19979204626383518,17769564238.00068,bull
main,2024-01-26,AMD,1,0.2762593107826577,0.2762593107826577,3.4868978976457243,0.20242857063004593,0.1769713462100948,8653785240.814667,bull
main,2024-01-26,NVDA,2,0.023740689217342303,0.023740689217342303,2.8840888303318697,0.23240175477594982,0.2069445303559987,17769564238.00068,bull
main,2024-02-02,NVDA,1,0.09334157419958268,0.09334157419958268,3.136768786031766,0.3475362954769252,0.291052351338037,26308787485.30025,neutral
main,2024-02-02,AMD,2,0.0910720797919388,0.0910720797919388,3.1292854774025445,0.2820031845482136,0.22551924040932536,15457932809.426191,neutral
main,2024-02-02,VRT,3,0.015586346008478521,0.015586346008478521,2.7749745054904054,0.3273589184179069,0.27087497427901863,270419856.2877846,neutral
main,2024-02-09,NVDA,1,0.16641828427239666,0.16641828427239666,3.053441027376993,0.3184610820688507,0.26702198161106727,26308787485.30025,neutral
main,2024-02-09,VRT,2,0.02011905895331583,0.02011905895331583,2.4800864875582285,0.28271397105863283,0.2312748706008494,270419856.2877846,neutral
main,2024-02-09,XPO,3,0.013462656774287518,0.013462656774287518,2.4244688224660655,0.39764049985506267,0.34620139939727923,102780597.24723816,neutral
main,2024-02-16,NVDA,1,0.08659711616158841,0.08659711616158841,2.572827845639557,0.22057116268636823,0.1851669866381962,26308787485.30025,neutral
main,2024-02-16,RL,2,0.06342112390764261,0.06342112390764261,2.525371648847808,0.30965331716207123,0.2742491411138992,98560650.86601256,neutral
main,2024-02-16,XPO,3,0.04998175993076897,0.04998175993076897,2.4937596185991326,0.41832522801924,0.38292105197106796,102780597.24723816,neutral
main,2024-02-23,NVDA,1,0.18514457723488717,0.18514457723488717,3.1585494769512352,0.29142575308634555,0.24948984273813046,26308787485.30025,neutral
main,2024-02-23,RL,2,0.01485542276511283,0.01485542276511283,2.5259716773587932,0.30770304600296483,0.26576713565474974,98560650.86601256,neutral
main,2024-03-01,VKTX,1,0.14306243390705276,0.14306243390705276,4.072427097136186,2.634115072413363,2.5966922702515634,607773501.5432549,neutral
main,2024-03-01,NVDA,2,0.13309851852475352,0.05145755081548513,3.56115038228285,0.24363667833045355,0.20621387616865405,40191978352.1965,neutral
main,2024-03-01,CELH,3,0.02813744079703104,0.0054800152774621205,3.045071166432275,0.4858481520204454,0.4484253498586459,356832293.6049652,neutral
main,2024-03-08,SMCI,1,0.2233290002706323,0.15878427007488655,4.661879539060475,0.5399505664616022,0.5189608709876179,12811274483.29277,neutral
main,2024-03-08,VKTX,2,0.032617219859858146,0.032617219859858146,4.074476857193511,1.347285773655349,1.3262960781813646,607773501.5432549,neutral
main,2024-03-08,NVDA,3,0.09023947777452368,0.008598510065255308,3.8375632883677473,0.21348216146297738,0.19249246598899306,40191978352.1965,neutral
main,2024-03-15,SMCI,1,0.21962368710686722,0.15507895691112147,4.564294923181289,0.3305158873221672,0.3066844829696702,12811274483.29277,neutral
main,2024-03-15,NVDA,2,0.11706680641315048,0.0354258387038821,4.036852187252752,0.2097160796520754,0.18588467529957842,40191978352.1965,neutral
main,2024-03-15,CELH,3,0.03215262990456535,0.009495204384996427,3.803962511261867,0.44232256239614864,0.41849115804365167,356832293.6049652,neutral
main,2024-03-22,VKTX,1,0.09426859067391462,0.09426859067391462,4.072186073321495,0.8586319202302113,0.8291362580309902,607773501.5432549,neutral
main,2024-03-22,NVDA,2,0.14402919655651794,0.062388228847249566,4.0034321966065205,0.19635879733729578,0.16686313513807471,40191978352.1965,neutral
main,2024-03-22,VST,3,0.048475555805728154,0.04334318047883582,3.9534945712313525,0.4259267194311276,0.3964310572319065,239000797.51462936,neutral
main,2024-03-29,WSM,1,0.2010967161278278,0.18485000886862393,3.903513310983869,0.34815101208080823,0.3154490237661469,393124533.75053406,strong_bull
main,2024-03-29,VST,2,0.0858797661580943,0.0858797661580943,3.762943699586707,0.2814539573555408,0.24875196904087948,423086328.3623314,strong_bull
main,2024-03-29,NVDA,3,0.12806783748114964,0.05927022497328177,3.712012547747189,0.1421812376568483,0.109479249342187,54239769061.55624,strong_bull
main,2024-04-05,VST,1,0.1706563638850161,0.1706563638850161,3.8670470730344517,0.24962996836179796,0.23336960847344734,423086328.3623314,strong_bull
main,2024-04-05,VRT,2,0.10224221184067073,0.08742746925069571,3.7575796098455707,0.23062928203772404,0.21436892214937342,621123759.518013,strong_bull
main,2024-04-05,WSM,3,0.08816287412349214,0.07191616686428824,3.731934243360039,0.31719887656972556,0.30093851668137495,393124533.75053406,strong_bull
main,2024-04-12,MU,1,0.2440074173532305,0.2440074173532305,3.724128468339012,0.3151555746739301,0.3131549238753284,2974280543.3636856,strong_bull
main,2024-04-12,VRT,2,0.06371946240095995,0.04890471981098494,3.3699587886103,0.13158429874005262,0.12958364794145094,621123759.518013,strong_bull
main,2024-04-12,VST,3,0.03708786283578458,0.03708786283578458,3.3328810661116486,0.13679034043593163,0.13478968963732996,423086328.3623314,strong_bull
main,2024-04-26,VRT,1,0.2614638848129561,0.24664914222298112,3.547187146184773,0.14472881626891665,0.17304242001113834,621123759.518013,strong_bull
main,2024-04-26,GE,2,0.07126486983902329,0.07126486983902329,3.024877750599506,0.16097781021881685,0.18929141396103855,1265077835.2680645,strong_bull
main,2024-04-26,VST,3,0.012085987937995582,0.012085987937995582,2.667810676261848,0.04379020888498064,0.07210381262720233,423086328.3623314,strong_bull
main,2024-05-03,CRS,1,0.16016917632121047,0.16016917632121047,3.3575175059763254,0.3309375244637762,0.3447098255229345,49167493.413238525,neutral
main,2024-05-03,VST,2,0.02943435777368467,0.02943435777368467,2.796905238202451,0.08177367843902394,0.09554597949818222,393453616.8621063,neutral
main,2024-05-03,VRT,3,0.04240471129169641,0.010396465905104854,2.62625181831767,0.0898758853790751,0.10364818643823337,918407987.5014114,neutral
main,2024-05-10,VST,1,0.17272677475917875,0.17272677475917875,3.828968734176119,0.33954675461008876,0.31999091805771407,393453616.8621063,neutral
main,2024-05-10,CRS,2,0.021753813391736026,0.021753813391736026,2.92675287577323,0.35405083606865007,0.33449499951627537,49167493.413238525,neutral
main,2024-05-10,THC,3,0.034139993850530514,0.005519411849085202,2.680433411615692,0.2657307264362312,0.2461748898838565,117359601.46644592,neutral
main,2024-05-17,VST,1,0.1820357447309305,0.1820357447309305,4.074237761218384,0.4328358349570187,0.3635856265120081,393453616.8621063,neutral
main,2024-05-17,CRS,2,0.009888219433511808,0.009888219433511808,3.163954250751388,0.41097129335919447,0.34172108491418385,49167493.413238525,neutral
main,2024-05-17,VRT,3,0.04008428122214922,0.008076035835557665,3.1373238297306445,0.2906279895902353,0.22137778114522466,918407987.5014114,neutral
main,2024-05-24,FSLR,1,0.10220223574798988,0.10220223574798988,4.395374630856057,0.5483690306592133,0.5066973872525276,356612209.45884705,neutral
main,2024-05-24,VST,2,0.09388472544288552,0.09388472544288552,4.342281948943285,0.40440173313296324,0.3627300897262775,393453616.8621063,neutral
main,2024-05-24,NVDA,3,0.0938581300331927,0.0039130388091245935,3.3677210123851653,0.21352936718559468,0.17185772377890896,38846015526.4019,neutral
main,2024-06-07,FSLR,1,0.12420606588356276,0.10731000852439178,4.595647362183912,0.39931950833554763,0.3740336380005218,866543135.5814362,neutral
main,2024-06-07,NVDA,2,0.16900050874881506,0.08434504131459755,4.493951681178647,0.34502331226544936,0.3197374419304235,43207006141.92734,neutral
main,2024-06-07,INSM,3,0.008344950161010674,0.008344950161010674,3.949151581895608,1.1890643040905764,1.1637784337555506,218502318.93705368,neutral
main,2024-06-14,NVDA,1,0.19018208369934664,0.10552661626512914,4.7448296879934535,0.42617091866825807,0.400993710140521,43207006141.92734,neutral
main,2024-06-14,FSLR,2,0.10492456404603336,0.08802850668686238,4.657159581819959,0.38473602116816275,0.35955881264042566,866543135.5814362,neutral
main,2024-06-14,INSM,3,0.006444877048008503,0.006444877048008503,3.983218330187246,1.5805408553761588,1.5553636468484218,218502318.93705368,neutral
main,2024-06-21,INSM,1,0.12489992896228243,0.12489992896228243,3.9831849383161946,2.0904544483531606,2.0586724540955483,218502318.93705368,neutral
main,2024-06-21,NVDA,2,0.1553677829117954,0.07071231547757789,3.652969857497734,0.1888942145163539,0.15711222025874183,43207006141.92734,neutral
main,2024-06-21,SRPT,3,0.004387755560139698,0.004387755560139698,2.8993567486343115,0.30179817278904064,0.27001617853142856,272527608.25115204,neutral
main,2024-07-05,FTAI,1,0.09776566152702094,0.09776566152702094,3.701620551687351,0.28993302625204387,0.2479500795301619,110111834.7449112,neutral
main,2024-07-05,ALNY,2,0.06315715613047375,0.06315715613047375,3.6240149630540706,0.6430815603155626,0.6010986135936807,354938145.7711029,neutral
main,2024-07-05,INSM,3,0.039077182342505304,0.039077182342505304,3.5561887808781907,0.23131049918787538,0.18932755246599342,234785537.23117828,neutral
main,2024-07-12,ALNY,1,0.17954964076896002,0.17954964076896002,3.69200505578615,0.6242285102373926,0.5891930145743691,354938145.7711029,neutral
main,2024-07-12,INSM,2,0.020450359231039987,0.020450359231039987,3.2012377464368655,0.20009388738908318,0.16505839172605974,234785537.23117828,neutral
main,2024-07-19,ALNY,1,0.1759434654834329,0.1759434654834329,3.4192355224559714,0.4353048051373407,0.42707729285449925,354938145.7711029,neutral
main,2024-07-19,INSM,2,0.01727107440844332,0.01727107440844332,2.5450609366927495,0.11737025456189887,0.1091427422790574,234785537.23117828,neutral
main,2024-07-19,CRS,3,0.00678546010812379,0.00678546010812379,2.396210533431814,0.20000001545949408,0.19177250317665262,83642586.01329803,neutral
main,2024-07-26,CRS,1,0.2,0.2,3.060152820423179,0.2847234718010483,0.2843191312145861,83642586.01329803,neutral
main,2024-08-16,ALNY,1,0.14281959321456347,0.14281959321456347,2.6081889925986252,0.1278643912424573,0.1181738138410604,198190736.2838745,neutral
main,2024-08-16,CRS,2,0.05718040678543654,0.05718040678543654,2.4630860317519296,0.2237306322333925,0.21404005483199562,96618233.16265106,neutral
main,2024-08-23,CAVA,1,0.1599950676361026,0.1599950676361026,3.2457864485666517,0.5280561823134879,0.4955640472278884,201532672.8767395,neutral
main,2024-08-23,TLN,2,0.024122517835559062,0.024122517835559062,2.7604091384660947,0.30899493342443196,0.2765027983388324,124094759.06578064,neutral
main,2024-08-23,ALNY,3,0.015882414528338332,0.015882414528338332,2.7023081700814786,0.1609607345426789,0.12846859945707934,198190736.2838745,neutral
main,2024-09-06,CAVA,1,0.2,0.2,3.0029040492520913,0.2861889032658862,0.2723611918128155,510987532.05825806,neutral
main,2024-09-13,TLN,1,0.16456142762098733,0.16456142762098733,2.841600834950892,0.2541365191026923,0.24024546599051666,93143918.5856247,neutral
main,2024-09-13,CAVA,2,0.035438572379012684,0.035438572379012684,2.5528773323376144,0.23797497240936138,0.22408391929718574,510987532.05825806,neutral
main,2024-09-20,TLN,1,0.16437519752414512,0.16437519752414512,3.220528438662382,0.2371639285105238,0.22317621126305243,93143918.5856247,neutral
main,2024-09-20,PLTR,2,0.019690896821769936,0.019690896821769936,2.695477443892595,0.17054751287565328,0.1565597956281819,1655782010.3892612,neutral
main,2024-09-20,CEG,3,0.039510646568701166,0.015933905654084975,2.6675626688056107,0.30765681721269567,0.2936690999652243,558700513.2460022,neutral
main,2024-09-27,TLN,1,0.09914152412600595,0.09914152412600595,3.2717649829280355,0.2179667166453796,0.2010371385514984,93143918.5856247,neutral
main,2024-09-27,VST,2,0.08634376151462093,0.08634376151462093,3.2281376187196495,0.3812469215424861,0.3643173434486049,426344184.8723221,neutral
main,2024-09-27,CEG,3,0.03809145527398932,0.014514714359373128,2.868388411782225,0.3065580902755747,0.2896285121816935,558700513.2460022,neutral
main,2024-10-04,VST,1,0.21056993031212584,0.17049298202140276,3.87641472109032,0.8824844624560761,0.818864827908022,819798610.9856796,neutral
main,2024-10-04,CEG,2,0.07227965203317382,0.019453488404827194,3.194656508265272,0.6493559820097579,0.5857363474617037,915094741.2882996,neutral
main,2024-10-04,TLN,3,0.03821009487133434,0.010053529573770056,3.096896630926992,0.33051412193890983,0.26689448739085564,254748290.2924347,neutral
main,2024-10-11,VST,1,0.19974348395892427,0.15966653566820116,3.575105288022161,0.4680060959915835,0.43358005408212086,819798610.9856796,neutral
main,2024-10-11,PLTR,2,0.03497453606483533,0.03497453606483533,2.8491677895500636,0.22253436737817545,0.1881083254687128,2875660345.987892,neutral
main,2024-10-11,CEG,3,0.058185091895310126,0.005358928266963493,2.46049705239204,0.35840395366545064,0.323977911755988,915094741.2882996,neutral
main,2024-10-18,VST,1,0.16217963339814467,0.12210268510742157,3.5478962208866527,0.21579521088733467,0.18704019205403388,819798610.9856796,neutral
main,2024-10-18,UAL,2,0.07133540741241116,0.07133540741241116,3.2937623905445315,0.4213150110865329,0.3925599922532321,392373125.8130264,neutral
main,2024-10-18,PLTR,3,0.006561907480167264,0.006561907480167264,2.71947713722739,0.15510753600607563,0.12635251717277485,2875660345.987892,neutral
main,2024-10-25,PLTR,1,0.1341963803867814,0.1341963803867814,3.6218308918422584,0.21769816570427714,0.2044515543836669,2875660345.987892,neutral
main,2024-10-25,UAL,2,0.05972032154564709,0.05972032154564709,3.2309403127408793,0.28711842092193307,0.27387180960132285,392373125.8130264,neutral
main,2024-10-25,TPL,3,0.05895975455117933,0.006083298067571493,2.6976341757089783,0.23778011205210525,0.22453350073149503,89708211.18804932,neutral
main,2024-11-01,UAL,1,0.17524306897889627,0.17524306897889627,4.043884426657641,0.35866257051585637,0.3620482288092066,657746530.2026558,neutral
main,2024-11-01,TPL,2,0.07147022988804193,0.02085968533407857,2.9458517126647474,0.19488083337668183,0.19826649167003207,85441986.03515625,neutral
main,2024-11-01,EXEL,3,0.0038972456870251565,0.0038972456870251565,2.6174694145284,0.2798199222494293,0.28320558054277956,71527163.73961449,neutral
main,2024-11-08,PLTR,1,0.1046280066463679,0.1046280066463679,3.567769125978085,0.34199038478820354,0.3098808531221975,1971059825.5748367,neutral
main,2024-11-08,UAL,2,0.08709888686007554,0.08709888686007554,3.489882210168449,0.41601946952374735,0.3839099378577413,657746530.2026558,neutral
main,2024-11-08,AXON,3,0.00827310649355659,0.00827310649355659,2.928711980152328,0.3866843934001827,0.3545748617341766,206738975.2378845,neutral
main,2024-11-15,PLTR,1,0.19173780771853746,0.19173780771853746,4.440656403397368,0.53060262449744,0.528618311316259,1971059825.5748367,neutral
main,2024-11-15,AXON,2,0.0043627606539324215,0.0043627606539324215,2.9520464013485745,0.36822278801021757,0.3662384748290366,206738975.2378845,neutral
main,2024-11-15,TPL,3,0.0545099761814935,0.0038994316275301377,2.937610724999048,0.28474391240529884,0.28275959922411786,85441986.03515625,neutral
main,2024-11-22,TPL,1,0.1809101136286261,0.13029956907466275,4.2556939606981254,0.575577608144205,0.5471338470591371,85441986.03515625,neutral
main,2024-11-22,PLTR,2,0.06498325560675981,0.06498325560675981,3.8696661408674413,0.4344627195406716,0.40601895845560376,1971059825.5748367,neutral
main,2024-11-22,AXON,3,0.004717175318577425,0.004717175318577425,3.1917692221098393,0.43289397091081305,0.4044502098257452,206738975.2378845,neutral
main,2024-12-06,PLTR,1,0.20204751846761854,0.1669426003996557,4.584576176078123,0.3074156043136458,0.2913337855067699,5019745101.35128,bull
main,2024-12-06,MSTR,2,0.12900539833592825,0.12900539833592825,4.390511975975499,0.4607277204029332,0.4446459015960573,14045607394.973602,bull
main,2024-12-06,DDOG,3,0.00405200126441606,0.00405200126441606,3.22989480971966,0.35516270013750684,0.33908088133063097,806279665.5241013,bull
main,2024-12-13,MSTR,1,0.13681775769604895,0.13681775769604895,3.581174324161908,0.19967714883306198,0.16816199371804896,14045607394.973602,bull
main,2024-12-13,PLTR,2,0.16875508332575298,0.13365016525779014,3.5749088076997735,0.1566064098749449,0.12509125475993188,5019745101.35128,bull
main,2024-12-13,CIEN,3,0.029532077046160843,0.029532077046160843,3.2930727698255877,0.3347218029069332,0.3032066477919202,99519938.23194504,bull
main,2024-12-20,PLTR,1,0.3122053444032316,0.27710042633526877,4.555759511024571,0.25174832885429965,0.25572868788159886,5019745101.35128,bull
main,2024-12-20,CIEN,2,0.01826367449230013,0.01826367449230013,3.119150414131445,0.24597177635222667,0.24995213537952587,99519938.23194504,bull
main,2024-12-20,MRVL,3,0.004635899172431127,0.004635899172431127,2.872938603562822,0.20959899941397797,0.21357935844127718,858878525.3202438,bull
main,2024-12-27,PLTR,1,0.29912264667735616,0.2640177286093933,4.148988281601082,0.17889087168218598,0.18808075984594785,5019745101.35128,bull
main,2024-12-27,MRVL,2,0.027411250864242502,0.027411250864242502,3.2085479887648525,0.22580640627822368,0.23499629444198555,858878525.3202438,bull
main,2024-12-27,CIEN,3,0.008571020526364223,0.008571020526364223,3.0114649766624235,0.2429719183133916,0.25216180647715347,99519938.23194504,bull
main,2025-01-03,AVGO,1,0.11282897782654513,0.11275693785444321,3.659786784495354,0.29879742096573936,0.3216134349229537,10012552626.010511,neutral
main,2025-01-03,PLTR,2,0.17502763974910795,0.08299779970002621,3.4767650875591785,0.04650253107224489,0.06931854502945922,7325822476.728249,neutral
main,2025-01-03,TPR,3,0.004245262445530576,0.004245262445530576,2.621361101337827,0.07261052802457502,0.09542654198178935,308493880.9063721,neutral
main,2025-01-10,UAL,1,0.17448619322023817,0.17448619322023817,3.5970469180692413,0.1261696974344666,0.16219402048485088,453329349.845314,neutral
main,2025-01-10,FTAI,2,0.016314563537373393,0.016314563537373393,2.8411850425168885,0.32113577621968536,0.35716009927006964,220768255.078125,neutral
main,2025-01-10,VST,3,0.009199243242388438,0.009199243242388438,2.7582559957895465,0.1525999563705478,0.18862427942093207,670144895.0926208,neutral
main,2025-01-17,EQT,1,0.07554560353822555,0.07554560353822555,2.8185769229426563,0.23191428740432496,0.22103726359568654,284273486.1064911,neutral
main,2025-01-17,VST,2,0.06452538434429755,0.06452538434429755,2.797297521810715,0.2208644875997503,0.20998746379111188,670144895.0926208,neutral
main,2025-01-17,CEG,3,0.0599290121174769,0.0599290121174769,2.787887500519136,0.3935336510754812,0.3826566272668428,539634285.7300568,neutral
main,2025-01-24,VST,1,0.1489055953153213,0.1489055953153213,3.696525914842551,0.3681986775333108,0.34641758119384614,670144895.0926208,neutral
main,2025-01-24,CEG,2,0.04582356558217913,0.04582356558217913,3.1048689157163842,0.5336805965089788,0.5118995001695141,539634285.7300568,neutral
main,2025-01-24,IBKR,3,0.005270839102499589,0.005270839102499589,2.617738097612056,0.22340785197328783,0.20162675563382315,187352664.9306488,neutral
main,2025-02-07,PLTR,1,0.28332798689685884,0.19046851629820882,4.76323131188,0.6480819945500762,0.613145938614327,5084757182.608757,neutral
main,2025-02-07,TPR,2,0.03216232005245958,0.006945714266370569,3.0273275160682367,0.19702159284413634,0.16208553690838712,298091881.65504456,neutral
main,2025-02-07,APP,3,0.0025857694354206283,0.0025857694354206283,2.8675920414647513,0.17972867451587793,0.1447926185801287,1412876592.4169922,neutral
main,2025-02-14,APP,1,0.10871120681425572,0.10871120681425572,4.9497421804854405,0.49012680475498005,0.469845075501673,1412876592.4169922,neutral
main,2025-02-14,PLTR,2,0.1824686447442931,0.0896091741456431,4.764508086558875,0.6603038767679983,0.6400221475146912,5084757182.608757,neutral
main,2025-02-14,TPR,3,0.026896224826190196,0.0016796190401011848,3.1884657116225905,0.22846354798429092,0.20818181873098385,298091881.65504456,neutral
main,2025-02-21,PLTR,1,0.2767584910307579,0.18389902043210785,3.730668554135508,0.28323618848293775,0.29644404504016875,5084757182.608757,neutral
main,2025-02-21,APP,2,0.00997502897225871,0.00997502897225871,2.679927754251228,0.14378956369445417,0.15699742025168517,1412876592.4169922,neutral
main,2025-02-21,TPR,3,0.03134255638172244,0.006125950595633425,2.610913310603056,0.13315460399852208,0.14636246055575308,298091881.65504456,neutral
main,2025-04-04,CORT,1,0.08,0.08,3.26795460980765,0.3438627237846643,0.46387941669954014,138440742.49855042,bear
main,2025-04-11,RGLD,1,0.04494498855557137,0.04494498855557137,2.6300930582786606,0.16773310755727566,0.21617539017552634,80822994.62234497,bear
main,2025-04-11,CORT,2,0.018801787649530225,0.018801787649530225,2.4832505255954462,0.2251384538999508,0.2735807365182015,138440742.49855042,bear
main,2025-04-11,AEM,3,0.04234024123019403,0.01625322379489841,2.4643635150671788,0.13561776413676907,0.18406004675501975,256329879.15546417,bear
main,2025-04-18,RGLD,1,0.054301771446659354,0.054301771446659354,2.7856613005788065,0.19388738123835614,0.260195431674868,80822994.62234497,bear
main,2025-04-18,AEM,2,0.05178524598863627,0.025698228553340648,2.672252522201422,0.15292660408101066,0.21923465451752255,256329879.15546417,bear
main,2025-04-25,PLTR,1,0.07498128808290168,0.07498128808290168,3.512118282021146,0.31368667191407873,0.32272080595087926,8984039789.736252,bear
main,2025-04-25,CORT,2,0.005018711917098333,0.005018711917098333,2.795799716642362,0.31264868538188906,0.3216828194186896,138440742.49855042,bear
main,2025-05-02,PLTR,1,0.10113560611940703,0.05909853839007245,4.292628847005559,0.6792324711805067,0.557557439803297,10754120358.059654,bear
main,2025-05-02,DUOL,2,0.0545888194853939,0.02002697253633242,3.4338262413601672,0.6608167349026142,0.5391417035254045,293845358.216095,bear
main,2025-05-02,HWM,3,0.0008744890735951265,0.0008744890735951265,2.4874426001852883,0.37158368180458945,0.24990865042737975,381818358.9239121,bear
main,2025-05-09,DUOL,1,0.09733344889025475,0.06277160194119326,3.3338757364523324,0.5568543813502806,0.4999192196897462,293845358.216095,bear
main,2025-05-09,MSTR,2,0.014046228865091152,0.014046228865091152,2.7487660684882065,0.3868590690806324,0.3299239074200979,5738080534.404221,bear
main,2025-05-09,PLTR,3,0.04521923692305017,0.003182169193715593,2.4735255210080007,0.32467531348582246,0.267740151825288,10754120358.059654,bear
main,2025-05-16,NRG,1,0.11028217852238373,0.07572033157332225,3.5950356555692387,0.6333724179045868,0.504594397341084,265773967.92369843,bear
main,2025-05-16,DUOL,2,0.03884151537573924,0.004279668426677758,2.7934583598444847,0.6203674970688171,0.49158947650531437,293845358.216095,bear
main,2025-05-23,NRG,1,0.1052179693864305,0.07065612243736902,3.9968990769787758,0.46271811926216744,0.4110148617250895,265773967.92369843,bear
main,2025-05-23,DUOL,2,0.04217485025000046,0.007613003300938974,2.923921569279981,0.36241269744852955,0.3107094399114516,293845358.216095,bear
main,2025-05-23,RBRK,3,0.0017308742616920086,0.0017308742616920086,2.6496150500819424,0.32230818036309095,0.270604922826013,163657246.15146637,bear
main,2025-06-06,NRG,1,0.19234391592380184,0.13979295099178116,4.141277936581277,0.3067963326041747,0.24513128823547392,575699421.7800522,neutral
main,2025-06-06,WING,2,0.04432583939204669,0.04432583939204669,3.817220130318035,0.4032629820638831,0.3415979376951823,244921398.56887817,neutral
main,2025-06-06,SMR,3,0.015881209616172155,0.015881209616172155,3.649556456839768,0.9690543901479818,0.907389345779281,402742159.8304081,neutral
main,2025-06-13,SMR,1,0.1636216466249216,0.1636216466249216,3.9445406436275197,0.6061232756428108,0.6014110854754182,402742159.8304081,neutral
main,2025-06-13,ZS,2,0.04008228344538316,0.0202212828010769,3.4286504545779644,0.20059647000807646,0.1958842798406839,696253899.5714569,neutral
main,2025-06-13,CCJ,3,0.01615707057400148,0.01615707057400148,3.3989693995865506,0.30017560005382427,0.2954634098864317,304617236.8760109,neutral
main,2025-06-20,SMR,1,0.13929917291122082,0.13929917291122082,3.2699667008063966,0.23015876469908902,0.20092951054247954,402742159.8304081,neutral
main,2025-06-20,ZS,2,0.05451951536569388,0.034658514721387625,2.9801780796535904,0.19220777317885673,0.16297851902224725,696253899.5714569,neutral
main,2025-06-20,ORCL,3,0.026042312367391584,0.026042312367391584,2.941771469238296,0.3154452972673436,0.2862160431107341,1270721895.7817078,neutral
main,2025-06-27,COIN,1,0.18641116308576758,0.18641116308576758,4.254588128914885,0.43309544916599485,0.3867121516654497,3846888883.075943,neutral
main,2025-06-27,JBL,2,0.008583804687544364,0.008583804687544364,3.0562745973412473,0.29379204026318795,0.2474087427626428,160336093.54438782,neutral
main,2025-06-27,VST,3,0.005005032226688064,0.005005032226688064,2.978876249693312,0.21621210908465027,0.16982881158410512,942030922.0523072,neutral
main,2025-07-04,COIN,1,0.2255513366876509,0.2255513366876509,4.170827490178848,0.45700242522271606,0.3994377186680178,4777284132.954483,bull
main,2025-07-04,ORCL,2,0.1023830507647594,0.06751712208227474,3.5249815515283918,0.3867011166093217,0.32913641005462346,3603661836.953354,bull
main,2025-07-04,JBL,3,0.0069315412300743765,0.0069315412300743765,2.9947346290560883,0.3091403986007353,0.251575692046037,381728617.4781037,bull
main,2025-07-11,COIN,1,0.2960533625672568,0.2960533625672568,4.401900180583582,0.5947426428729903,0.547064942974403,4777284132.954483,bull
main,2025-07-11,JBL,2,0.003946637432743211,0.003946637432743211,2.486633502892138,0.2626252614250626,0.21494756152647532,381728617.4781037,bull
main,2025-07-18,COIN,1,0.19384180494736067,0.19384180494736067,3.9318860231942154,0.36124259722616414,0.3052084421590937,4777284132.954483,bull
main,2025-07-18,SMR,2,0.09910247245726049,0.09910247245726049,3.558458322863702,0.3508064239090454,0.29477226884197494,577701884.4000816,bull
main,2025-07-18,ORCL,3,0.041921651277863514,0.007055722595378866,2.8715189175520366,0.19886701622893255,0.1428328611618621,3603661836.953354,bull
main,2025-07-25,SMR,1,0.2548887056978552,0.2548887056978552,3.5810193802140615,0.3526177260989498,0.31653115548682753,577701884.4000816,bull
main,2025-07-25,GEV,2,0.03342487157804495,0.03342487157804495,2.836271144529553,0.24094722570708926,0.20486065509496698,1460729918.3955383,bull
main,2025-07-25,MEDP,3,0.011686422724099876,0.011686422724099876,2.6634720130460017,0.44031023437507666,0.4042236637629544,129860436.54830933,bull
main,2025-08-01,ALAB,1,0.19772584289326825,0.19772584289326825,3.693458823821772,0.4438326178115435,0.449621544063761,606183574.3105698,bull
main,2025-08-01,TLN,2,0.056286163906043477,0.056286163906043477,3.451655939744841,0.32028225695564383,0.3260711832078613,423774593.301239,bull
main,2025-08-01,GEV,3,0.0912357715241497,0.045987993200688256,3.4250773200140485,0.2702802239917961,0.2760691502440136,1715348782.3815918,bull
main,2025-08-08,ALAB,1,0.24297650537075646,0.24297650537075646,4.016049094355838,0.8694472985062218,0.8477032307994476,606183574.3105698,bull
main,2025-08-08,ALNY,2,0.043312755726301784,0.043312755726301784,3.4079648535953377,0.3936940028996254,0.37194993519285124,352196983.3808899,bull
main,2025-08-08,PLTR,3,0.0795835171892239,0.013710738902941699,3.213622729807178,0.31569316455674445,0.2939490968499703,8177893818.395157,bull
main,2025-08-15,ALAB,1,0.2261217845758506,0.2261217845758506,4.150199026825227,0.8197396563358452,0.7944679460962836,606183574.3105698,bull
main,2025-08-15,ALNY,2,0.06390692420476415,0.06390692420476415,3.5925868960321647,0.4005241486654403,0.37525243842587863,352196983.3808899,bull
main,2025-08-15,MEDP,3,0.009971291219385217,0.009971291219385217,3.2096822753298073,0.46807969112730774,0.4428079808877461,309255066.8901062,bull
main,2025-08-22,ALAB,1,0.2321780495480954,0.2321780495480954,4.150611612213347,0.46518850870776496,0.4523021149541395,606183574.3105698,bull
main,2025-08-22,ALNY,2,0.05503817778821783,0.05503817778821783,3.6039224342782195,0.3818923033258508,0.36900590957222534,352196983.3808899,bull
main,2025-08-22,INSM,3,0.012783772663686755,0.012783772663686755,3.3351910641551923,0.26868695290560685,0.2558005591519814,246454439.36279297,bull
main,2025-09-05,INSM,1,0.1982224370130544,0.1982224370130544,3.6694925211054,0.32450937527552526,0.3087212265640802,376487763.0714798,bull
main,2025-09-05,LITE,2,0.06312235676837814,0.06312235676837814,3.4228355973305895,0.28545636044602074,0.26966821173457567,418912470.8901596,bull
main,2025-09-05,WDC,3,0.038655206218567446,0.038655206218567446,3.3533674124789528,0.2291202263920351,0.21333207768059004,449235125.85292816,bull
main,2025-09-12,LITE,1,0.1566178220955176,0.1566178220955176,4.199437452106599,0.40704301237415885,0.38533171755129025,418912470.8901596,bull
main,2025-09-12,WDC,2,0.12405969855842715,0.12405969855842715,4.121151594820485,0.30260717293008765,0.28089587810721905,449235125.85292816,bull
main,2025-09-12,CIEN,3,0.019322479346055237,0.019322479346055237,3.7376846706240334,0.44470116442507557,0.42298986960220697,155345601.45000458,bull
main,2025-09-19,WDC,1,0.18425583392026157,0.18425583392026157,4.533627054940372,0.386957471748969,0.35560796137909656,449235125.85292816,bull
main,2025-09-19,ALAB,2,0.0878148457890007,0.0878148457890007,4.334796752081633,0.3691440167636235,0.3377945063937511,992560001.496048,bull
main,2025-09-19,LITE,3,0.02792932029073769,0.02792932029073769,4.141500768025553,0.4138595685038331,0.38251005813396066,418912470.8901596,bull
main,2025-09-26,WDC,1,0.19504406029606572,0.19504406029606572,4.26739667934236,0.3318948525508012,0.30305226882463354,449235125.85292816,bull
main,2025-09-26,CIEN,2,0.09598369233144206,0.09598369233144206,3.919468923433176,0.5103755542413653,0.4815329705151976,155345601.45000458,bull
main,2025-09-26,UEC,3,0.008972247372492215,0.008972247372492215,3.3517799986997066,0.27876525845511724,0.24992267472894958,128442595.2406788,bull
main,2025-10-03,WDC,1,0.1608339765776064,0.1608339765776064,4.884483563426461,0.42666234410388504,0.3898514913820077,1034191426.16333,neutral
main,2025-10-03,OKLO,2,0.028810213315624313,0.028810213315624313,4.316241026114123,0.8249032660782738,0.7880924133563965,2567886806.311798,neutral
main,2025-10-03,LRCX,3,0.034008595626423006,0.010355810106769314,4.149255283050671,0.4191154634685834,0.3823046107467061,1395329686.913147,neutral
main,2025-10-10,OKLO,1,0.15274489206175867,0.15274489206175867,4.314934044663155,0.7792286941245543,0.7831524195317507,2567886806.311798,neutral
main,2025-10-10,AMD,2,0.02400748375438971,0.02400748375438971,3.928169812808403,0.35523733348319153,0.35916105889038796,6939811666.448212,neutral
main,2025-10-10,WDC,3,0.02324762418385163,0.02324762418385163,3.9241169797140762,0.18185542982374425,0.18577915523094068,1034191426.16333,neutral
main,2025-10-17,AMD,1,0.11236221303948284,0.11236221303948284,4.034859327242607,0.48090731771350637,0.479867687174949,6939811666.448212,neutral
main,2025-10-17,WDC,2,0.043990137780571585,0.043990137780571585,3.8847224879374678,0.18353191653680967,0.1824922859982523,1034191426.16333,neutral
main,2025-10-17,MU,3,0.04364764917994562,0.04364764917994562,3.88374357102695,0.24443402949380055,0.24339439895524317,4324106847.583733,neutral
main,2025-10-24,MU,1,0.1520972875467176,0.1520972875467176,4.609055053968886,0.39350892360740675,0.3701945035087746,4324106847.583733,neutral
main,2025-10-24,AMD,2,0.03562592120876408,0.03562592120876408,4.154977929363087,0.5861030196918369,0.5627885995932047,6939811666.448212,neutral
main,2025-10-24,WDC,3,0.012276791244518326,0.012276791244518326,3.9791044217882434,0.21098412810956502,0.18766970801093286,1034191426.16333,neutral
main,2025-11-07,WDC,1,0.13894784491297898,0.13894784491297898,4.996068806567954,0.41188706425233534,0.3843994588521775,1266721662.773018,neutral
main,2025-11-07,MU,2,0.08624810147026075,0.0506785870132207,4.63368049289155,0.3101320973169488,0.282644491916791,4603575388.040695,neutral
main,2025-11-07,LITE,3,0.010373568073800325,0.010373568073800325,4.331109380505655,0.6049060866973774,0.5774184812972196,545195693.3131409,neutral
main,2025-11-14,WDC,1,0.08559398752367993,0.08559398752367993,4.3359488056895,0.25063398565019934,0.23928531639219086,1266721662.773018,neutral
main,2025-11-14,MU,2,0.10540515759920029,0.06983564314216023,4.302436388406235,0.21963631391582994,0.20828764465782146,4603575388.040695,neutral
main,2025-11-14,LITE,3,0.044570369334159865,0.044570369334159865,4.239500436163184,0.4089335915328678,0.3975849222748593,545195693.3131409,neutral
main,2025-11-21,LITE,1,0.1709076187928586,0.1709076187928586,4.330864325605579,0.4254879642367351,0.45239084798594353,545195693.3131409,neutral
main,2025-11-21,WDC,2,0.02115105719528679,0.02115105719528679,3.579087400477875,0.07540771631410625,0.10231060006331472,1266721662.773018,neutral
main,2025-11-21,RVMD,3,0.007941324011854628,0.007941324011854628,3.4210879383700794,0.30084440789393074,0.3277472916431392,113631537.57234572,neutral
main,2025-12-05,LITE,1,0.23408407114434748,0.23408407114434748,4.4449324887634045,0.380242400648354,0.35830392166609726,1439934217.0157623,bull
main,2025-12-05,RVMD,2,0.06057281348965149,0.06057281348965149,3.6319437406213066,0.3053598029937965,0.28342132401153974,161416023.52947235,bull
main,2025-12-05,COHR,3,0.0053431153660009915,0.0053431153660009915,3.0401966846194868,0.17655814995249353,0.15461967097023677,793022928.4521484,bull
main,2025-12-12,LITE,1,0.27150037725631343,0.27150037725631343,4.332131186896291,0.3971570735777974,0.3825274694762024,1439934217.0157623,bull
main,2025-12-12,COHR,2,0.016297196799206364,0.016297196799206364,3.4418085475892393,0.2799827316024708,0.2653531275008758,793022928.4521484,bull
main,2025-12-12,WDC,3,0.03926183217145767,0.012202425944480177,3.4028913635351885,0.11817631890983149,0.10354671480823652,1501450769.0733335,bull
main,2025-12-19,LITE,1,0.21077382911481984,0.21077382911481984,4.486126875892496,0.45322586172249824,0.41745954680266695,1439934217.0157623,bull
main,2025-12-19,WDC,2,0.08938689719489384,0.06232749096791635,4.166864783614502,0.30200157690219176,0.26623526198236047,1501450769.0733335,bull
main,2025-12-19,MU,3,0.10270382466407493,0.02689867991726377,4.036312486872627,0.2823455144882454,0.24657919956841412,6369473087.998581,bull
main,2025-12-26,MU,1,0.3247358120160161,0.24893066726920493,4.05522067505274,0.20428796805205485,0.1911771737292014,6369473087.998581,bull
main,2025-12-26,RKLB,2,0.028787543839008396,0.028787543839008396,3.5037724508123107,0.6765544031600974,0.663443608837244,875010899.8955345,bull
main,2025-12-26,LITE,3,0.022281788891786652,0.022281788891786652,3.469609609069868,0.2017775390965404,0.18866674477368695,1439934217.0157623,bull
main,2026-01-02,MU,1,0.29285271258076484,0.18279566428486343,5.141018937198238,0.33018906185965613,0.3309201683692613,6966055564.06044,neutral
main,2026-01-02,CIEN,2,0.013272115401347945,0.013272115401347945,3.8957857695811855,0.2198700578481394,0.22060116435774457,648419790.4673767,neutral
main,2026-01-02,LITE,3,0.003932220313788603,0.003932220313788603,3.6864913570876445,0.16505229499717444,0.16578340150677962,1229373521.7099,neutral
main,2026-01-09,MU,1,0.25540855776312094,0.1453515094672195,5.178210814708891,0.4316555391854866,0.41059116506586624,6966055564.06044,neutral
main,2026-01-09,LRCX,2,0.09598936765571583,0.04609999722934406,4.727896296332947,0.3603289157486498,0.3392645416290294,1681990203.42865,neutral
main,2026-01-09,RVMD,3,0.03946332679371291,0.008548493303436442,4.397338220860945,0.503294502562885,0.4822301284432646,187655398.7742996,neutral
main,2026-01-16,MU,1,0.2408298433677562,0.1307727950718548,4.730924198581477,0.3646832420412818,0.34841802464880445,6966055564.06044,neutral
main,2026-01-16,RVMD,2,0.09294846317184503,0.06203362968156857,4.399143938725458,0.5267834557380835,0.5105182383456062,187655398.7742996,neutral
main,2026-01-16,LRCX,3,0.05708294567294843,0.0071935752465766565,3.915000012939937,0.29424734557916965,0.2779821281866923,1681990203.42865,neutral
main,2026-01-23,MU,1,0.27060255834862124,0.16054551005271983,4.945069032657868,0.40388150806590173,0.4054460645273993,6966055564.06044,neutral
main,2026-01-23,RVMD,2,0.05901740128794808,0.028102567797671618,4.398252597080792,0.45671823224047015,0.4582827887019677,187655398.7742996,neutral
main,2026-01-23,WDC,3,0.05146924903555129,0.011351922149608566,4.254903363117085,0.3021373791984385,0.3037019356599361,1298561336.5493011,neutral
main,2026-02-06,LITE,1,0.14041145855409096,0.14041145855409096,4.2534093556207875,0.5707414749953779,0.5757121685284149,1642771052.0594788,neutral
main,2026-02-06,WDC,2,0.06531587527690996,0.05541469798443962,3.7143207463405696,0.4096576499296096,0.41462834346264665,2360193433.2553864,neutral
main,2026-02-06,TER,3,0.004173843461469434,0.004173843461469434,3.0533919830088876,0.38134032208200996,0.386311015615047,658742152.0957184,neutral
main,2026-02-13,LITE,1,0.19052268482328766,0.19052268482328766,4.499447875545211,0.7355126915478025,0.7498405211156227,1642771052.0594788,neutral
main,2026-02-13,WDC,2,0.015052980343795229,0.00515180305132489,3.113099227062257,0.2711841418437879,0.2855119714116081,2360193433.2553864,neutral
main,2026-02-13,TER,3,0.0043255121253874314,0.0043255121253874314,3.0902637334224767,0.37975706735857173,0.3940848969263919,658742152.0957184,neutral
main,2026-02-20,LITE,1,0.17354888564552218,0.17354888564552218,4.499070820336937,0.9687196400978966,0.9684293613201611,1642771052.0594788,neutral
main,2026-02-20,TER,2,0.020284406571854974,0.020284406571854974,3.626237889220369,0.418037504571791,0.41774722579405554,658742152.0957184,neutral
main,2026-02-20,CIEN,3,0.006166707782622863,0.006166707782622863,3.4228243571975865,0.4617701540509076,0.46147987527317214,594338837.3192596,neutral
main,2026-03-06,TPL,1,0.19040264840330065,0.19040264840330065,3.3124488998298887,0.4360341041931597,0.46244513544897525,302100311.1946106,neutral
main,2026-03-06,SNDK,2,0.009597351596699348,0.009597351596699348,2.448921780651435,-0.11810350978425332,-0.09169247852843776,14478170830.256348,neutral
main,2026-03-13,SNDK,1,0.1142500259511518,0.1142500259511518,3.091437376929708,0.055956329314360786,0.0845004929430041,14478170830.256348,neutral
main,2026-03-13,LITE,2,0.04508462727219686,0.04508462727219686,2.9356309676996744,0.10619470946206544,0.13473887309070876,3295300278.9401245,neutral
main,2026-03-13,TPL,3,0.04066534677665133,0.04066534677665133,2.9223969512064403,0.2299936352106422,0.2585377988392855,302100311.1946106,neutral
main,2026-03-20,SNDK,1,0.14181473995498275,0.14181473995498275,3.392127404892806,0.09191201741967503,0.1486092307087563,14478170830.256348,neutral
main,2026-03-20,CIEN,2,0.033519751723185456,0.033519751723185456,3.0841111422510608,0.14611136186839913,0.2028085751574804,1287898894.705658,neutral
main,2026-03-20,LITE,3,0.024665508321831797,0.024665508321831797,3.042673684241375,0.057774315896615525,0.11447152918569681,3295300278.9401245,neutral
main,2026-03-27,LYB,1,0.14629118158023927,0.14629118158023927,3.73038182713985,0.415625545598052,0.4887581773719616,398712041.3709259,neutral
main,2026-03-27,PBR,2,0.03412286380611125,0.03412286380611125,3.377118529561738,0.24894777724107042,0.32208040901498003,356218285.36637783,neutral
main,2026-03-27,CIEN,3,0.01958595461364949,0.01958595461364949,3.297136436319591,0.1517349334450766,0.2248675652189862,1287898894.705658,neutral
main,2026-04-03,CIEN,1,0.05282509694871427,0.05282509694871428,4.6347919487509035,0.4960241497749367,0.530793796441659,1292330851.1099243,bear
main,2026-04-03,LITE,2,0.018846677830477256,0.01884667783047726,4.38124491593087,0.27052025994475315,0.3052899066114755,5121344029.089966,bear
main,2026-04-03,SNDK,3,0.008328225220808463,0.008328225220808465,4.25516409918065,0.24045685663186833,0.27522650329859066,12184408465.398865,bear
main,2026-04-10,CIEN,1,0.043252703484087184,0.04325270348408719,4.655494017218795,0.4702115769604138,0.44148453354295025,1292330851.1099243,bear
main,2026-04-10,LITE,2,0.03411007637469441,0.03411007637469442,4.542144682819462,0.44144576352284126,0.4127187201053777,5121344029.089966,bear
main,2026-04-10,SNDK,3,0.002637220141218397,0.0026372201412183972,3.8930443413123914,0.2874006617354161,0.25867361831795255,12184408465.398865,bear
main,2026-04-17,MRVL,1,0.06631978838610408,0.0663197883861041,4.127301001004256,0.5898068686763438,0.4948749312926899,2304153608.8679886,bear
main,2026-04-17,CIEN,2,0.007714852016915831,0.007714852016915833,3.578034380538708,0.32181086590772723,0.22687892852407332,1292330851.1099243,bear
main,2026-04-17,SNDK,3,0.005965359596980066,0.005965359596980068,3.543728727944196,0.29769900624266366,0.20276706885900975,12184408465.398865,bear
main,2026-04-24,SNDK,1,0.04079518039469834,0.040795180394698344,4.587032541850509,0.6074241218249117,0.4814956697060171,12184408465.398865,bear
main,2026-04-24,MRVL,2,0.036481223832043226,0.03648122383204323,4.534445907088243,0.732633332445688,0.6067048803267934,2304153608.8679886,bear
main,2026-04-24,WDC,3,0.0038935963158244526,0.0027235957732584283,3.8694832222626725,0.46727684089971766,0.3413483887808231,2494128845.952759,bear
main,2026-05-01,SNDK,1,0.055516201292775284,0.0555162012927753,4.746567906776787,0.6918712560954465,0.5930346587529693,12184408465.398865,bear
main,2026-05-01,MRVL,2,0.016831736175080676,0.01683173617508068,4.4439663396895766,0.5407764398452748,0.4419398425027976,2304153608.8679886,bear
main,2026-05-01,WDC,3,0.00882206307471005,0.007652062532144027,4.3231872694202895,0.46292839010024966,0.3640917927577725,2494128845.952759,bear
main,2026-05-08,MU,1,0.10457453142393341,0.03772717789457312,4.754336062672405,0.7756247273143102,0.6900273834475186,18956487312.911224,bear
main,2026-05-08,SNDK,2,0.03708681861019823,0.03708681861019823,4.748589014087034,0.8342274675036188,0.7486301236368271,12184408465.398865,bear
main,2026-05-08,FLEX,3,0.005186003495228648,0.005186003495228648,4.3300397790852845,0.8526192614877122,0.7670219176209205,219386040.82574844,bear
